Name of run in first row, energies in second, and eigenvalues in thirdThe rest is values of the wavefunction in colums. The last column is the space discretization.Hartree,Exchange,Exchange Correlation
(-2.863570444513181+0j),(-2.7247671243695963+0j),(-2.8248214224960826+0j)
(-0.919422158889185+0j),(-0.46471370147637175+0j),(-0.5125602639048956+0j)
0.0005545881714499485,0.0005596371688468774,0.0005681723442530189,0.005
0.0021744932015994,0.0021941953042340905,0.002227656576404515,0.01
0.004795975070245669,0.00483908831647767,0.004912873115442898,0.015
0.008357948612466139,0.008432265427175189,0.008560811609253403,0.02
0.012801889225775846,0.012914140732834123,0.013110960095435815,0.025
0.018071741495259065,0.01822752331212725,0.018505234656573253,0.03
0.024113830666962495,0.02431754798396967,0.02468790968255661,0.035
0.0308767769001425,0.031131606813217295,0.03160554884182745,0.04
0.038311412229361345,0.03861928145100501,0.039206936853292115,0.045
0.0463707001679746,0.04673227638757651,0.04744301214116712,0.05
0.05500965788514461,0.055424353186863826,0.056266800446112424,0.055
0.06418528088925679,0.0646512657639882,0.06563334945766644,0.06
0.0738564701513777,0.07437069675940654,0.07549966452520933,0.065
0.08398396160325498,0.08454219505628796,0.08582464549735673,0.07
0.09453025794528791,0.09512711448130388,0.09656902473296892,0.075
0.1054595627008468,0.10608855372281208,0.10769530632054887,0.08
0.11673771645437524,0.1173912974948168,0.11916770653701032,0.085
0.12833213521170522,0.12900175896985688,0.13095209557130316,0.09
0.14021175082215903,0.140887923499105,0.1430159405333132,0.095
0.15234695340313656,0.15301929363347855,0.15532824976389217,0.1
0.16470953570897695,0.16536683545545608,0.16785951845742567,0.105
0.17727263938709042,0.17790292622751258,0.18058167560450797,0.11
0.19001070306555368,0.19060130335952868,0.19346803225859244,0.115
0.20289941221749216,0.2034370146944588,0.20649323112716675,0.12
0.21591565074883212,0.2163863701085127,0.21963319748497517,0.125
0.229037454257153,0.22942689441951847,0.23286509140398595,0.13
0.24224396491062578,0.24253728159481702,0.2461672612923431,0.135
0.25551538789721273,0.2556973502475867,0.25951919873217655,0.14
0.26883294939544033,0.26888800040889177,0.2729014946041732,0.145
0.2821788560193771,0.2820911715607433,0.2862957964849149,0.15
0.2955362556915045,0.2952898019139505,0.29968476730124827,0.155
0.30888919989841557,0.30846778891320636,0.31305204522467256,0.16
0.3222226072854273,0.3216099509505482,0.32638220478721724,0.165
0.33552222854737895,0.33470199026730535,0.3396607191992629,0.17
0.34877461257384784,0.34773045702363486,0.3528739238487049,0.17500000000000002
0.36196707380854626,0.36068271451406864,0.36600898096001633,0.18
0.37508766078312183,0.3735469055067292,0.3790538453910052,0.185
0.388125125787453,0.38631191968318596,0.3919972315445134,0.19
0.4010688956388889,0.3989673621557626,0.40482858137162436,0.195
0.41390904351434993,0.4115035230384204,0.41753803344274404,0.2
0.42663626181024883,0.4239113480472696,0.43011639306246774,0.20500000000000002
0.43924183599583466,0.4361824101063692,0.4425551034039113,0.21
0.45171761942704713,0.4483088819346153,0.45484621763816613,0.215
0.46405600908861927,0.4602835095891989,0.46698237203414006,0.22
0.4762499222330974,0.47209958694120857,0.4789567600044547,0.225
0.4882927738867101,0.48375093105912526,0.49076310707271903,0.23
0.5001784551924621,0.4952318584758392,0.5023956467378282,0.23500000000000001
0.5119013125621192,0.5065371623151964,0.513849097210996,0.24
0.5234561276094959,0.5176620902541808,0.5251186390013248,0.245
0.53483809783801,0.5286023232970034,0.5361998933261954,0.25
0.546042818056929,0.5393539553378655,0.5470889013226694,0.255
0.5570662625008501,0.5499134734890689,0.5577821040367217,0.26
0.5679047676283103,0.5602777391520782,0.5682763231671959,0.265
0.5785550155757083,0.570443969808685,0.5785687425418604,0.27
0.5890140182439179,0.5804097215106812,0.5886568903031663,0.275
0.5992791019952957,0.5901728720460685,0.5985386217819508,0.28
0.6093478929398959,0.5997316047607084,0.6082121030373766,0.28500000000000003
0.6192183027899245,0.6090843930145159,0.6176757950421267,0.29
0.628888515262559,0.6182299852518854,0.6269284384920498,0.295
0.6383569730117744,0.6271673906662115,0.6359690392201728,0.3
0.6476223650701808,0.6358958654391722,0.6447968541950444,0.305
0.6566836147830504,0.6444148995355422,0.6534113780842595,0.31
0.6655398682167131,0.652724204034933,0.6618123303641079,0.315
0.6741904830244879,0.6608236989823129,0.6699996429569127,0.32
0.6826350177536902,0.6687135017396012,0.6779734483781521,0.325
0.6908732215779301,0.6763939158208984,0.6857340683756397,0.33
0.6989050244392349,0.6838654201947623,0.6932820030439172,0.335
0.7067305275853429,0.691128659036922,0.7006179203968886,0.34
0.714349994487687,0.6981844319177052,0.7077426463828053,0.34500000000000003
0.721763842126405,0.7050336844085254,0.7146571553258281,0.35000000000000003
0.7289726326288076,0.7116774990924093,0.7213625607785216,0.355
0.7359770652486338,0.7181170869640485,0.7278601067710264,0.36
0.7427779686733692,0.7243537792051061,0.7341511594418,0.365
0.7493762936477765,0.7303890193208611,0.7402371990364589,0.37
0.7557731059019326,0.7362243556251765,0.7461198122608893,0.375
0.7619695793725088,0.7418614340605117,0.7518006849754307,0.38
0.7679669897064799,0.7473019913404985,0.7572815952174633,0.385
0.773766708036882,0.7525478484031329,0.7625644065399799,0.39
0.7793701950202422,0.757600904162458,0.7676510616541501,0.395
0.7847789951263378,0.7624631295476537,0.772543576364302,0.4
0.7899947311703835,0.7671365618182319,0.7772440337840665,0.405
0.7950190990790963,0.7716232991449014,0.7817545788228404,0.41000000000000003
0.7998538628812972,0.7759254954456276,0.7860774129320401,0.41500000000000004
0.8045008499151312,0.7800453554669077,0.7902147891010222,0.42
0.808961946243248,0.783985130100635,0.7941690070928161,0.425
0.8132390922685806,0.787747111927397,0.797942408910215,0.43
0.8173342785426061,0.79133363097688,0.8015373744830371,0.435
0.8212495417591209,0.7947470506969276,0.8049563175677258,0.44
0.8249869609263935,0.7979897641228804,0.8082016818506579,0.445
0.8285486537107708,0.8010641902388316,0.8112759372471668,0.45
0.8319367729451111,0.803972770523344,0.8141815763880117,0.455
0.8351535032962049,0.8067179656718543,0.8169211112857221,0.46
0.8382010580841953,0.8093022524884796,0.8194970701736013,0.465
0.8410816762489635,0.8117281209404481,0.8219119945100504,0.47000000000000003
0.8437976194573195,0.8139980713680134,0.8241684361412592,0.47500000000000003
0.8463511693455548,0.8161146118439047,0.8262689546159998,0.48
0.8487446248923061,0.8180802556752746,0.8282161146456708,0.485
0.8509802999164781,0.8198975190430399,0.830012483703798,0.49
0.8530605206951185,0.821568918771751,0.8316606297589377,0.495
0.8549876236971725,0.823096970225398,0.8331631191352921,0.5
0.8567639534276709,0.8244841853230165,0.8345225144954449,0.505
0.8583918603788002,0.8257330706693333,0.8357413729400068,0.51
0.8598736990829184,0.8268461257950821,0.8368222442193654,0.515
0.8612118262642124,0.827825841502743,0.8377676690520491,0.52
0.8624085990841333,0.828674698312402,0.8385801775454974,0.525
0.8634663734777237,0.8293951650039342,0.8392622877145574,0.53
0.8643875025767354,0.8299896972506321,0.8398165013436751,0.535
0.8651743352158962,0.8304607363408715,0.8402453070077472,0.54
0.8658292145194427,0.8308107079830378,0.8405511773098456,0.545
0.8663544765641976,0.8310420211906635,0.8407365677497654,0.55
0.866752449116275,0.8311570672437074,0.8408039156701942,0.555
0.8670254504384796,0.8311582187226852,0.8407556392767064,0.56
0.867175788165171,0.8310478286120663,0.840594136728519,0.5650000000000001
0.8672057582422592,0.8308282294699257,0.840321785296147,0.5700000000000001
0.8671176439292287,0.8305017326606656,0.8399409405835392,0.5750000000000001
0.8669137148607247,0.8300706276478402,0.8394539358110662,0.58
0.866596226165462,0.8295371813441983,0.8388630811566723,0.585
0.8661674176396341,0.8289036375163181,0.838170663152535,0.59
0.8656295129727511,0.8281722162409558,0.8373789441343381,0.595
0.8649847190238285,0.8273451134109491,0.8364901617407136,0.6
0.864235225145398,0.8264245002879324,0.8355065284605143,0.605
0.8633832025535556,0.825412523099833,0.834430231225144,0.61
0.8624308037421077,0.8243113026804673,0.8332634310442657,0.615
0.861380161938757,0.8231229341498382,0.8320082626822038,0.62
0.8602333906014652,0.821849486632369,0.8306668343733934,0.625
0.8589925829534927,0.8204930030114886,0.8292412275744403,0.63
0.8576598115550502,0.8190554997187506,0.827733496751396,0.635
0.8562371279102834,0.8175389665554107,0.8261456691999772,0.64
0.8547265621078759,0.8159453665450251,0.8244797448971599,0.645
0.8531301224934901,0.8142766358152929,0.8227376963827477,0.65
0.851449795373346,0.8125346835075036,0.8209214686687162,0.655
0.8496875447465403,0.8107213917123727,0.8190329791753327,0.66
0.84784531206568,0.8088386154303594,0.8170741176924421,0.665
0.8459250160239219,0.8068881825556211,0.8150467463643025,0.67
0.8439285523675686,0.8048718938817269,0.8129526996969683,0.675
0.8418577937327094,0.802791523128528,0.8107937845867043,0.68
0.8397145895051455,0.8006488169882876,0.8085717803683102,0.685
0.8375007657020158,0.7984454951904155,0.8062884388821246,0.6900000000000001
0.8352181248746531,0.7961832505834572,0.8039454845586961,0.6950000000000001
0.8328684460310647,0.7938637492335595,0.8015446145198252,0.7000000000000001
0.8304534845775223,0.7914886305379636,0.7990874986953453,0.705
0.8279749722780909,0.7890595073529874,0.7965757799542801,0.71
0.8254346172312658,0.786577966135401,0.7940110742495757,0.715
0.822834103862848,0.7840455670963157,0.7913949707757956,0.72
0.8201750929342682,0.7814638443668059,0.7887290321383422,0.725
0.8174592215654626,0.7788343061744288,0.7860147945340444,0.73
0.8146881032716695,0.7761584350299053,0.7832537679419036,0.735
0.8118633280134258,0.7734376879233127,0.7804474363234288,0.74
0.8089864622587721,0.7706734965288444,0.7775972578319205,0.745
0.8060590490574226,0.7678672674178819,0.7747046650297529,0.75
0.8030826081259942,0.7650203822793997,0.7717710651135159,0.755
0.8000586359437419,0.7621341981472353,0.7687978401458426,0.76
0.796988605858005,0.759210047633822,0.7657863472938846,0.765
0.7938739681993376,0.7562492391694787,0.7627379190733976,0.77
0.790716150405187,0.7532530572471344,0.7596538635983477,0.775
0.7875165571517747,0.750222762671747,0.7565354648352528,0.78
0.7842765704939817,0.7471595928140629,0.7533839828618496,0.785
0.7809975500123228,0.7440647618681807,0.7502006541298338,0.79
0.7776808329668208,0.7409394611127081,0.7469866917309297,0.795
0.7743277344572366,0.7377848591748283,0.7437432856661276,0.8
0.7709395475893318,0.7346021022971819,0.7404716031176526,0.805
0.7675175436465158,0.7313923146069249,0.7371727887232437,0.81
0.7640629722669713,0.7281565983869461,0.7338479648524487,0.8150000000000001
0.7605770616252135,0.7248960343486365,0.7304982318846059,0.8200000000000001
0.7570610186184152,0.7216116819060435,0.7271246684882671,0.8250000000000001
0.7535160290566516,0.7183045794511721,0.7237283319015265,0.8300000000000001
0.7499432578570155,0.7149757446300268,0.7203102582133807,0.835
0.7463438492412007,0.7116261746191949,0.7168714626455116,0.84
0.742718926936261,0.7082568464028611,0.7134129398343704,0.845
0.7390695943782636,0.7048687170496769,0.7099356641134037,0.85
0.7353969349186151,0.7014627239898383,0.7064405897950714,0.855
0.7317020120327089,0.6980397852914322,0.7029286514525495,0.86
0.7279858695307532,0.694600799936608,0.6994007642009035,0.865
0.7242495317704616,0.6911466480968284,0.695857823977491,0.87
0.7204940038714173,0.6876781914072867,0.6923007078214785,0.875
0.7167202719309679,0.6841962732404187,0.6887302741523518,0.88
0.7129293032412335,0.6807017189780037,0.6851473630471467,0.885
0.7091220465072962,0.6771953362821386,0.6815527965163856,0.89
0.7052994320662533,0.6736779153647269,0.6779473787785003,0.895
0.7014623721069305,0.6701502292553028,0.6743318965326689,0.9
0.6976117608901566,0.666613034067293,0.6707071192299039,0.905
0.6937484749694056,0.6630670692623354,0.6670737993423672,0.91
0.6898733734116861,0.6595130579129049,0.6634326726307254,0.915
0.6859872980184876,0.6559517069627765,0.6597844584094307,0.92
0.6820910735466624,0.6523837074855219,0.6561298598100385,0.925
0.6781855079291923,0.6488097349408473,0.652469564042202,0.93
0.6742713924955659,0.6452304494286687,0.6488042426524792,0.935
0.6703495021917631,0.6416464959409979,0.6451345517808081,0.9400000000000001
0.6664205957997617,0.6380585046113596,0.6414611324145766,0.9450000000000001
0.6624854161562924,0.6344670909619538,0.6377846106402857,0.9500000000000001
0.6585446903709545,0.6308728561482124,0.634105597892695,0.9550000000000001
0.6545991300434989,0.6272763872010085,0.6304246912014052,0.96
0.6506494314801419,0.6236782572662527,0.6267424734349231,0.965
0.6466962759088652,0.6200790258418708,0.6230595135420797,0.97
0.6427403296937754,0.6164792390123025,0.6193763667907372,0.975
0.6387822445481425,0.6128794296802519,0.6156935750039638,0.98
0.6348226577462648,0.6092801177958255,0.6120116667933078,0.985
0.6308621923341677,0.6056818105830053,0.6083311577895081,0.99
0.6269014573387673,0.6020850027633285,0.6046525508703561,0.995
0.6229410479757862,0.5984901767770054,0.6009763363858672,1.0
0.6189815458560761,0.5948978030011677,0.5973029923806297,1.0050000000000001
0.6150235191905791,0.5913083399653872,0.5936329848133421,1.01
0.6110675229935969,0.5877222345646059,0.5899667677736388,1.0150000000000001
0.607114099284561,0.5841399222690953,0.5863047836960569,1.02
0.603163777288077,0.5805618273317878,0.582647463571192,1.025
0.5992170736324298,0.5769883629928548,0.5789952271541615,1.03
0.5952744925461726,0.5734199316814791,0.5753484831700708,1.035
0.5913365260531852,0.569856925214925,0.5717076295169061,1.04
0.5874036541658372,0.566299724994842,0.5680730534654865,1.045
0.5834763450763696,0.5627487022008194,0.5644451318566724,1.05
0.579555055346464,0.5592042179812422,0.5608242312958439,1.055
0.5756402300950325,0.5556666236414598,0.557210708344576,1.06
0.5717323031840035,0.5521362608291522,0.553604909709568,1.065
0.5678316974023266,0.5486134617170931,0.5500071724288633,1.07
0.5639388246481098,0.5450985491832029,0.5464178240553058,1.075
0.560054086108729,0.541591836987961,0.5428371828373508,1.08
0.5561778724391327,0.5380936299491491,0.5392655578971148,1.085
0.552310563938105,0.5346042241139719,0.5357032494058382,1.09
0.5484525307226717,0.5311239069285816,0.5321505487566336,1.095
0.5446041329005261,0.5276529574050349,0.5286077387346112,1.1
0.5407657207405032,0.5241916462856577,0.525075093684458,1.105
0.536937634841057,0.5207402362048135,0.5215528796753333,1.11
0.5331202062968173,0.517298981848278,0.5180413546632746,1.115
0.5293137568632029,0.5138681301100028,0.5145407686510358,1.12
0.5255185991189684,0.5104479202464143,0.5110513638453994,1.125
0.5217350366269288,0.5070385840283254,0.5075733748120065,1.1300000000000001
0.5179633640925828,0.503640345890336,0.5041070286276664,1.135
0.5142038675208831,0.5002534230778826,0.5006525450303455,1.1400000000000001
0.5104568243709735,0.496878025791869,0.4972101365665987,1.145
0.5067225037090408,0.49351435733098126,0.4937800087366564,1.1500000000000001
0.503001166359105,0.49016261423165564,0.4903623601372024,1.155
0.4992930650520892,0.4868229864057135,0.48695738260169447,1.16
0.4955984445726679,0.48349565727578625,0.4835652613384872,1.165
0.49191754190442255,0.48018080390840284,0.48018617506658723,1.17
0.4882505863729995,0.47687859714495245,0.47682029614916116,1.175
0.4845977997873324,0.47358920173034214,0.47346779072484785,1.18
0.480959396578966,0.4703127764395751,0.47012881883681007,1.185
0.4773355839395888,0.4670494742021437,0.46680353455964785,1.19
0.4737265619565788,0.46379944222429337,0.4634920861241468,1.195
0.470132523746725,0.46056282210922694,0.46019461603988826,1.2
0.4665536555881164,0.4573397499752283,0.4569112612157406,1.205
0.46299013705018,0.45413035657173645,0.4536421530783815,1.21
0.4594421411218617,0.45093476739346927,0.4503874176886534,1.215
0.45590983433801757,0.4477531027924875,0.44714717585596053,1.22
0.45239337690405923,0.4445854780883274,0.4439215432506942,1.225
0.4488929228186898,0.4414320036762631,0.4407106305146249,1.23
0.4454086199949961,0.43829278513361153,0.4375145433695094,1.235
0.44194061037969024,0.435167923324112,0.434333382723581,1.24
0.4384890300706891,0.4320575145005996,0.43116724477634777,1.245
0.43505400943286293,0.42896165040573137,0.4280162211214229,1.25
0.4316356732122039,0.42588041837096036,0.42488039884757667,1.2550000000000001
0.4282341406481912,0.4228139014137465,0.421759860637979,1.26
0.42484952558453315,0.4197621783330045,0.4186546848676641,1.2650000000000001
0.4214819365782138,0.41672532380287497,0.4155649456992404,1.27
0.41813147700692105,0.41370340846473075,0.41249071317689867,1.2750000000000001
0.4147982451748218,0.4106964990175813,0.40943205331871485,1.28
0.4114823344167392,0.4077046583068143,0.4063890282072407,1.285
0.4081838332007165,0.4047279454113146,0.4033616960785321,1.29
0.40490282522901194,0.4017664157289533,0.4003501114094883,1.295
0.4016393895375119,0.39882012106061604,0.3973543250036202,1.3
0.39839360059360673,0.3958891096925663,0.3943743840752368,1.305
0.3951655283925459,0.39297342647736794,0.3914103323320882,1.31
0.39195523855226516,0.39007311291325353,0.38846221005653403,1.315
0.38876279240671596,0.38718820722207814,0.38553005418508585,1.32
0.3855882470976951,0.38431874442581054,0.38261389838663123,1.325
0.38243165566526727,0.3814647564215407,0.37971377313910126,1.33
0.37929306713667077,0.3786262720551424,0.37682970580471337,1.335
0.37617252661388156,0.3758033171935716,0.3739617207038944,1.34
0.37307007535961745,0.37299591479573024,0.37110983918769574,1.345
0.36998575088212265,0.3702040849820484,0.36827407970894727,1.35
0.36691958701845123,0.36742784510276977,0.36545445789202613,1.355
0.3638716140164171,0.3646672098048747,0.3626509866013092,1.36
0.3608418586152224,0.3619221910977953,0.3598636760083638,1.365
0.35783034412473796,0.3591927984178361,0.3570925336577837,1.37
0.3548370905034373,0.3564790386913831,0.3543375645319026,1.375
0.35186211443512605,0.35378091639694503,0.35159877111412546,1.3800000000000001
0.3489054294042728,0.351098433625901,0.3488761534511823,1.385
0.345967045770184,0.3484315901421514,0.3461697092140586,1.3900000000000001
0.3430469708398425,0.34578038344067014,0.34347943375790185,1.395
0.340145208939596,0.34314480880475345,0.34080532018064724,1.4000000000000001
0.3372617614855686,0.3405248593623681,0.3381473593805611,1.405
0.33439662705288775,0.33792052614123125,0.3355055401126833,1.41
0.3315498014437524,0.335331798122947,0.33287984904417073,1.415
0.3287212777543128,0.3327586622959613,0.33027027080852234,1.42
0.3259110464403851,0.3302011037076316,0.32767678805881695,1.425
0.32311909538208317,0.32765910551509164,0.32509938151984513,1.43
0.3203454099472461,0.3251326490353237,0.32253803003925036,1.435
0.3175899730538419,0.32262171379403654,0.31999271063768137,1.44
0.3148527652312311,0.320126277573738,0.31746339855792677,1.445
0.312133764680396,0.3176463164607726,0.31495006731307085,1.45
0.309432947333016,0.3151818048914418,0.3124526887337578,1.455
0.3067502869096622,0.3127327156972245,0.3099712330144495,1.46
0.3040857549767829,0.3102990201490703,0.30750566875879876,1.465
0.30143932100279075,0.3078806880008012,0.3050559630241118,1.47
0.2988109524131158,0.3054776875316859,0.302622081364925,1.475
0.2962006146442502,0.30308998558811895,0.30020398787569286,1.48
0.29360827119684546,0.3007175476244865,0.29780164523266905,1.485
0.2910338836878439,0.2983603377431612,0.2954150147348488,1.49
0.28847741190166215,0.29601831873373496,0.293044056344217,1.495
0.2859388138404246,0.29369145211146275,0.29068872872504,1.5
0.2834180457733353,0.2913796981548536,0.2883489892824659,1.5050000000000001
0.28091506228507535,0.28908301594258207,0.2860247942003026,1.51
0.2784298163233452,0.2868013633895721,0.2837160984780244,1.5150000000000001
0.27596225924554807,0.2845346972823948,0.2814228559670192,1.52
0.27351234086456716,0.28228297331390667,0.2791450194061123,1.5250000000000001
0.2710800094936983,0.28004614611718764,0.276882540456331,1.53
0.2686652119907838,0.27782416929876075,0.27463536973498387,1.5350000000000001
0.2662678938014753,0.2756169954711588,0.2724034568490252,1.54
0.2638879990016861,0.27342457628477956,0.2701867504277042,1.545
0.2615254703392714,0.27124686245907886,0.2679851981545921,1.55
0.259180249274886,0.26908380381315794,0.26579874679886994,1.555
0.25685227602210337,0.2669353492956247,0.26362734224603274,1.56
0.2545414895867081,0.2648014470139396,0.2614709295279276,1.565
0.2522478278053064,0.26268204426303876,0.2593294528521067,1.57
0.2499712273831403,0.2605770875534142,0.25720285563066275,1.575
0.24771162393117577,0.25848652263858046,0.2550910805083885,1.58
0.24546895200253951,0.25641029454195735,0.2529940693903395,1.585
0.24324314512811834,0.2543483475832134,0.2509117634688433,1.59
0.24103413585160133,0.25230062540396714,0.24884410324992776,1.595
0.23884185576376174,0.2502670709930227,0.24679102857913696,1.6
0.23666623553601684,0.24824762671102923,0.24475247866688973,1.605
0.2345072049534593,0.24624223431459397,0.24272839211319003,1.61
0.23236469294710793,0.24425083497989566,0.24071870693187233,1.615
0.23023862762556166,0.24227336932579527,0.2387233605743091,1.62
0.22812893630605352,0.24030977743640078,0.23674228995258076,1.625
0.22603554554481067,0.23835999888319914,0.23477543146217703,1.6300000000000001
0.22395838116686506,0.23642397274664578,0.2328227210041706,1.635
0.2218973682952202,0.2345016376373261,0.23088409400692878,1.6400000000000001
0.2198524313794478,0.23259293171664017,0.22895948544733166,1.645
0.21782349422368763,0.23069779271699367,0.22704882987154643,1.6500000000000001
0.21581048001408074,0.22881615796160326,0.22515206141531718,1.655
0.2138133113456152,0.2269479643838205,0.22326911382380477,1.6600000000000001
0.2118319102484849,0.22509314854602092,0.2213999204710219,1.665
0.20986619821378175,0.22325164665810945,0.21954441437877192,1.67
0.20791609621878124,0.2214233945955354,0.21770252823522102,1.675
0.20598152475159892,0.21960832791703666,0.21587419441303743,1.68
0.20406240383538227,0.2178063818817917,0.21405934498708531,1.685
0.20215865305196584,0.21601749146636323,0.2122579117517671,1.69
0.20027019156505851,0.21424159138114504,0.21046982623793922,1.695
0.1983969381428635,0.21247861608648658,0.2086950197294597,1.7
0.19653881118030453,0.21072849980838945,0.20693342327934,1.705
0.1946957287206996,0.2089911765539242,0.20518496772553826,1.71
0.19286760847700346,0.20726658012621693,0.20344958370637814,1.715
0.19105436785257227,0.20555464413910668,0.2017272016756215,1.72
0.18925592396148222,0.2038553020315221,0.20001775191717341,1.725
0.1874721936484103,0.2021684870813971,0.19832116455946272,1.73
0.18570309350804046,0.2004941324193825,0.1966373695894533,1.735
0.1839485399040828,0.1988321710421648,0.19496629686637054,1.74
0.18220844898783853,0.19718253582547782,0.19330787613505387,1.745
0.180482736716359,0.19554515953682955,0.191662037039025,1.75
0.17877131887018918,0.19391997484788476,0.19002870913322475,1.7550000000000001
0.17707411107073232,0.19230691434659974,0.1884078218964669,1.76
0.17539102879717514,0.19070591054900085,0.18679930474354842,1.7650000000000001
0.17372198740306635,0.18911689591073838,0.18520308703711413,1.77
0.17206690213248355,0.18753980283831098,0.1836190980991915,1.7750000000000001
0.1704256881358456,0.18597456370005552,0.18204726722247164,1.78
0.16879826048535176,0.1844211108368223,0.18048752368130064,1.7850000000000001
0.1671845341900387,0.18287937657243403,0.17893979674238486,1.79
0.1655844242105105,0.18134929322382473,0.17740401567525516,1.795
0.1639978454733116,0.17983079311098482,0.1758801097624598,1.8
0.16242471288492583,0.17832380856661997,0.17436800830947924,1.805
0.160864941345497,0.1768282719455794,0.1728676406544137,1.81
0.15931844576215318,0.1753441156340245,0.1713789361774325,1.815
0.1577851410620543,0.17387127205838943,0.16990182430993844,1.82
0.15626494220509857,0.17240967369410076,0.1684362345435479,1.825
0.15475776419632345,0.17095925307404575,0.16698209643878578,1.83
0.15326352209797872,0.16951994279686722,0.1655393396336075,1.835
0.15178213104133034,0.16809167553501067,0.1641078938516484,1.84
0.15031350623813738,0.16667438404254403,0.16268768891027963,1.845
0.1488575629918546,0.16526800116281026,0.1612786547284539,1.85
0.14741421670853194,0.1638724598358431,0.1598807213343141,1.855
0.14598338290746304,0.16248769310558783,0.15849381887263017,1.86
0.14456497723151612,0.16111363412694613,0.15711787761200405,1.865
0.14315891545723425,0.1597502161725973,0.15575282795189274,1.87
0.14176511350462984,0.15839737263965478,0.1543986004294459,1.875
0.1403834874467648,0.15705503705613041,0.1530551257261167,1.8800000000000001
0.13901395351902765,0.1557231430872075,0.15172233467412824,1.885
0.13765642812818762,0.15440162454136316,0.1504001582627428,1.8900000000000001
0.13631082786119678,0.15309041537628681,0.14908852764432928,1.895
0.1349770694937445,0.15178944970464275,0.1477873741402983,1.9000000000000001
0.13365506999857604,0.1504986617996706,0.14649662924682627,1.905
0.1323447465535832,0.14921798610062406,0.14521622464043366,1.9100000000000001
0.13104601654965548,0.14794735721801758,0.14394609218339172,1.915
0.12975879759832112,0.1466867099387714,0.14268616392896502,1.92
0.12848300753914801,0.14543597923115875,0.14143637212650653,1.925
0.12721856444695553,0.14419510024961243,0.14019664922638045,1.93
0.12596538663878673,0.14296400833940484,0.13896692788475046,1.935
0.12472339268069192,0.14174263904115825,0.13774714096820556,1.94
0.1234925013942966,0.1405309280952166,0.13653722155824938,1.945
0.12227263186317817,0.1393288114459149,0.13533710295565535,1.95
0.1210637034390412,0.13813622524564956,0.13414671868464095,1.955
0.11986563574770207,0.13695310585888298,0.13296600249697318,1.96
0.11867834869488013,0.13577938986596194,0.13179488837587844,1.965
0.11750176247181802,0.1346150140668516,0.1306333105398454,1.97
0.11633579756070303,0.13345991548472308,0.12948120344630715,1.975
0.11518037473992163,0.13231403136942657,0.12833850179519282,1.98
0.11403541508913556,0.1311772992008342,0.12720514053234436,1.985
0.11290083999419287,0.13004965669208352,0.12608105485282536,1.99
0.11177657115186365,0.1289310417927005,0.12496618020410692,1.995
0.11066253057441058,0.12782139269160012,0.12386045228914631,2.0
0.10955864059401503,0.12672064781999362,0.12276380706933597,2.005
0.10846482386702619,0.12562874585417802,0.1216761807673591,2.0100000000000002
0.10738100337806501,0.12454562571822479,0.12059750986993288,2.015
0.10630710244397344,0.12347122658656969,0.11952773113043037,2.02
0.10524304471762068,0.12240548788649175,0.11846678157142011,2.025
0.10418875419155946,0.12134834930050611,0.11741459848710448,2.0300000000000002
0.10314415520154192,0.12029975076865224,0.1163711194456281,2.035
0.10210917242989796,0.11925963249069246,0.11533628229133754,2.04
0.10108373090877137,0.11822793492822858,0.11431002514688747,2.045
0.10006775602322587,0.11720459880669276,0.11329228641532038,2.05
0.09906117351422657,0.11618956511730641,0.11228300478199524,2.055
0.09806390948147692,0.11518277511889626,0.11128211921646987,2.06
0.09707589038615658,0.11418417033967336,0.11028956897426921,2.065
0.09609704305350147,0.11319369257889644,0.109305293598587,2.07
0.09512729467529044,0.11221128390847049,0.10832923292188498,2.075
0.09416657281221606,0.1112368866744702,0.10736132706744186,2.08
0.09321480539611339,0.11027044349856958,0.10640151645078001,2.085
0.09227192073210616,0.10931189727942113,0.10544974178106015,2.09
0.09133784750062181,0.10836119119393513,0.10450594406235579,2.095
0.09041251475931263,0.10741826869851209,0.10357006459489963,2.1
0.08949585194485936,0.10648307353017855,0.10264204497620888,2.105
0.08858778887467884,0.10555554970768892,0.10172182710218532,2.11
0.08768825574853245,0.10463564153251405,0.10080935316810558,2.115
0.08679718315002885,0.1037232935898215,0.09990456566957844,2.12
0.08591450204802888,0.10281845074933178,0.09900740740341017,2.125
0.0850401437979757,0.10192105816616759,0.09811782146842225,2.13
0.08417404014309467,0.10103106128159371,0.09723575126619387,2.1350000000000002
0.08331612321554974,0.10014840582373226,0.09636114050174745,2.14
0.08246632553746591,0.09927303780820439,0.09549393318418087,2.145
0.0816245800219041,0.09840490353872164,0.09463407362722596,2.15
0.08079081997372024,0.09754394960760669,0.09378150644976244,2.1550000000000002
0.07996497909036646,0.0966901228962898,0.09293617657627407,2.16
0.0791469914625933,0.09584337057570814,0.0920980292372385,2.165
0.07833679157508525,0.09500364010670818,0.09126700996947938,2.17
0.0775343143070174,0.09417087924034746,0.09044306461645643,2.1750000000000003
0.0767394949325311,0.09334503601818084,0.08962613932850687,2.18
0.07595226912113819,0.09252605877247345,0.08881618056303753,2.185
0.07517257293806076,0.09171389612639673,0.08801313508466768,2.19
0.07440034284449352,0.0909084969941465,0.08721694996533098,2.195
0.07363551569779725,0.09010981058103927,0.08642757258431366,2.2
0.07287802875163624,0.08931778638356026,0.08564495062827197,2.205
0.07212781965603439,0.08853237418936453,0.08486903209118275,2.21
0.07138482645738163,0.08775352407722774,0.0840997652742703,2.215
0.0706489875983715,0.08698118641698663,0.0833370987858757,2.22
0.06992024191788318,0.08621531186940537,0.08258098154129716,2.225
0.0691985286507967,0.08545585138602585,0.08183136276258021,2.23
0.06848378742776104,0.08470275620897734,0.0810881919782858,2.235
0.06777595827489628,0.08395597787074195,0.08035141902319544,2.24
0.06707498161345715,0.08321546819389201,0.0796209940380076,2.245
0.06638079825941161,0.08248117929078265,0.07889686746897466,2.25
0.06569334942300795,0.08175306356323443,0.07817899006752173,2.255
0.06501257670826753,0.08103107370215507,0.07746731288982336,2.2600000000000002
0.0643384221124236,0.08031516268713866,0.07676178729634348,2.265
0.06367082802533294,0.07960528378605243,0.07606236495135751,2.27
0.06300973722882143,0.07890139055455994,0.07536899782243163,2.275
0.062355092895998804,0.07820343683564579,0.07468163817986519,2.2800000000000002
0.06170683859051709,0.07751137675909443,0.07400023859613046,2.285
0.06106491826579738,0.07682516474093684,0.07332475194524685,2.29
0.06042927626420075,0.07614475548290127,0.07265513140215893,2.295
0.05979985731617766,0.0754701039717886,0.07199133044206779,2.3000000000000003
0.059176606539360146,0.07480116547886545,0.07133330283974876,2.305
0.058559469437626556,0.07413789555921947,0.07068100266883044,2.31
0.05794839190012457,0.07348025005106404,0.07003438430105824,2.315
0.05734332020025636,0.07282818507507212,0.0693934024055312,2.32
0.05674420099463144,0.0721816570336341,0.0687580119479166,2.325
0.05615098132199305,0.07154062261013548,0.06812816818963852,2.33
0.055563608602087824,0.07090503876818134,0.06750382668704169,2.335
0.05498203063453308,0.07027486275081857,0.06688494329054766,2.34
0.054406195597632954,0.06965005207973307,0.06627147414377077,2.345
0.05383605204716837,0.06903056455443049,0.06566337568263253,2.35
0.05327154891516321,0.06841635825139002,0.06506060463443615,2.355
0.05271263550861188,0.0678073915232079,0.06446311801694377,2.36
0.05215926150819282,0.06720362299771702,0.06387087313742316,2.365
0.05161137696694687,0.06660501157709613,0.06328382759167064,2.37
0.05106893230892686,0.0660115164369578,0.06270193926303289,2.375
0.05053187832782949,0.06542309702541833,0.06212516632140526,2.38
0.050000166185599874,0.06483971306215414,0.06155346722219788,2.3850000000000002
0.04947374741101464,0.0642613245374542,0.06098680070531913,2.39
0.04895257389823828,0.06368789171123031,0.060425125794114146,2.395
0.04843659790536338,0.06311937511204284,0.059868401794305935,2.4
0.04792577205292413,0.06255573553609901,0.05931658829290879,2.4050000000000002
0.04742004932239712,0.06199693404623802,0.058769645157147214,2.41
0.04691938305467038,0.061442931970900186,0.058227532533343306,2.415
0.04642372694850942,0.06089369090309744,0.05769021084579926,2.42
0.04593303505899292,0.06034917269935757,0.057157640795673856,2.4250000000000003
0.04544726179593477,0.059809339478667664,0.05662978335983021,2.43
0.04496636192229267,0.05927415362139409,0.05610659978969335,2.435
0.044490290552553845,0.058743577768209605,0.055588051610082755,2.44
0.044019003151114684,0.05821757481899237,0.05507410061803647,2.445
0.04355245553063368,0.05769610793173114,0.05456470888162916,2.45
0.04309060385038528,0.05717914052140946,0.05405983873878181,2.455
0.04263340461458098,0.05666663625888458,0.0535594527960553,2.46
0.042180814670697925,0.05615855906975937,0.05306351392744084,2.465
0.04173279120778121,0.055654873133249336,0.05257198527313969,2.47
0.041289291754736654,0.055155542881030174,0.052084830238336585,2.475
0.04085027417861966,0.05466053299609566,0.051602012491966706,2.48
0.04041569668290128,0.05416980841158857,0.05112349596547117,2.485
0.039985517805735095,0.053683334309640805,0.05064924485154945,2.49
0.039559696418211346,0.05320107612019877,0.05017922360289603,2.495
0.0391381917225941,0.052722999519844875,0.04971339693095388,2.5
0.03872096325056504,0.05224907043061337,0.04925172980463614,2.505
0.03830797086144369,0.05177925501880349,0.04879418744905187,2.5100000000000002
0.03789917474040861,0.05131351969377992,0.0483407353442332,2.515
0.03749453539671071,0.05085183110677799,0.047891339223848986,2.52
0.03709401366187649,0.05039415614969185,0.047445965073916775,2.525
0.036697570687910595,0.049940461953876115,0.04700457913151131,2.5300000000000002
0.03630516794548158,0.04949071588892456,0.04656714788346767,2.535
0.0359167672221197,0.049044885561458335,0.04613363806508178,2.54
0.03553233062039071,0.04860293881390345,0.04570401665880315,2.545
0.035151820556079016,0.04816484372326943,0.04527825089293457,2.5500000000000003
0.03477519975635595,0.047730568599924375,0.04485630824031659,2.555
0.03440243125795853,0.04730008198636141,0.04443815641701548,2.56
0.034033478405347414,0.04687335265597357,0.044023763381012715,2.565
0.03366830484887572,0.04645034961181296,0.04361309733088194,2.57
0.0333068745429454,0.046031042085363405,0.04320612670447403,2.575
0.032949151744169486,0.04561539953529346,0.04280282017759246,2.58
0.03259510100952507,0.04520339164622696,0.04240314666267431,2.585
0.032244687194510076,0.04479498832749361,0.04200707530746412,2.59
0.03189787545129796,0.04439015971189638,0.04161457549368876,2.595
0.03155463122688235,0.04398887615445802,0.04122561683573685,2.6
0.03121492026123993,0.043591108231187815,0.040840169179322136,2.605
0.030878708585471558,0.0431968267378318,0.04045820260016734,2.61
0.03054596251995936,0.042806002688627866,0.04007968740266916,2.615
0.030216648672514352,0.042418607315064805,0.03970459411857767,2.62
0.02989073393653094,0.04203461206463535,0.0393328935056628,2.625
0.029568185489136357,0.0416539885995901,0.0389645565463917,2.63
0.02924897078934609,0.04127670879569612,0.03859955444660205,2.6350000000000002
0.02893305757621788,0.040902744740990774,0.038237858634174705,2.64
0.02862041386700867,0.040532068734539704,0.03787944075771067,2.645
0.028311007955330925,0.040164653285194134,0.03752427268520673,2.65
0.02800480840931456,0.03980047111034884,0.03717232650273207,2.6550000000000002
0.027701784069767234,0.03943949513470223,0.03682357451310819,2.66
0.02740190404834077,0.03908169848901625,0.03647798923458753,2.665
0.027105137725698794,0.0387270545088811,0.0361355433995358,2.67
0.02681145474968554,0.03837553673347418,0.035796209953116755,2.6750000000000003
0.026520825033501998,0.038027118904330616,0.03545996205197455,2.68
0.02623321875387965,0.03768177496410829,0.03512677306292567,2.685
0.025948606349263808,0.03733947905535517,0.03479661656164289,2.69
0.025666958517996913,0.037000205519281404,0.034469466331352595,2.695
0.02538824621650692,0.036663928894535326,0.03414529636152441,2.7
0.025112440657499863,0.03633062391597315,0.033824080846571895,2.705
0.02483951330815681,0.03600026551344339,0.033505794184549,2.71
0.02456943588833438,0.03567282881056247,0.033190410975855386,2.715
0.024302180368771745,0.03534828912349994,0.03287790602193802,2.72
0.024037718969300587,0.03502662195976169,0.0325682543240028,2.725
0.023776024157062092,0.034707803016982945,0.03226143108172409,2.73
0.02351706864472599,0.034391808181714036,0.03195741169195929,2.735
0.023260825388719406,0.03407861352822065,0.03165617174746669,2.74
0.023007267587457206,0.03376819531727512,0.03135768703562917,2.745
0.02275636867957728,0.03346052999496355,0.03106193353717396,2.75
0.022508102342188363,0.03315559419148477,0.030768887424906077,2.755
0.022262442489114773,0.03285336471995955,0.030478525062439317,2.7600000000000002
0.02201936326915485,0.032553818575243906,0.03019082300292867,2.765
0.02177883906433737,0.03225693293273669,0.029905757987815678,2.77
0.02154084448819589,0.03196268514720548,0.02962330694556834,2.775
0.021305354384033113,0.0316710527516051,0.029343446990427832,2.7800000000000002
0.021072343823211406,0.0313820134558988,0.02906615542116646,2.785
0.020841788103432596,0.031095545145895465,0.028791409719837277,2.79
0.020613662747033048,0.030811625882076026,0.028519187550536847,2.795
0.020387943499283898,0.030530233898434893,0.028249466758172522,2.8000000000000003
0.02016460632670093,0.030251347601317292,0.027982225367226776,2.805
0.01994362741535577,0.02997494556826977,0.027717441580533627,2.81
0.019724983169197262,0.02970100654688343,0.02745509377805733,2.815
0.019508650208381575,0.029429509453652147,0.02719516051567249,2.82
0.019294605367607,0.029160433372828774,0.02693762052395361,2.825
0.019082825694457572,0.0288937575552887,0.026682452706967102,2.83
0.018873288447751917,0.028629461417392997,0.026429636141065964,2.835
0.018665971095904895,0.028367524539863426,0.026179150073693355,2.84
0.01846085131528888,0.028107926666657197,0.02593097392218963,2.845
0.0182579069886096,0.027850647703842952,0.025685087272599244,2.85
0.01805711620328694,0.027595667718492495,0.025441469878495285,2.855
0.01785845724984362,0.027342966937564495,0.025200101659792296,2.86
0.0176619086202997,0.027092525746798372,0.024960962701577456,2.865
0.017467449006580687,0.026844324689616516,0.024724033252940095,2.87
0.017275057298926845,0.026598344466026266,0.024489293725811018,2.875
0.017084712584314665,0.02635456593152446,0.02425672469380009,2.88
0.016896394144886952,0.02611297009601662,0.02402630689104812,2.8850000000000002
0.01671008145638619,0.02587353812272842,0.02379802121107422,2.89
0.01652575418660123,0.025636251327133402,0.023571848705636077,2.895
0.0163433921938212,0.025401091175876567,0.02334777058359342,2.9
0.016162975525293954,0.02516803928570934,0.023125768209774182,2.9050000000000002
0.015984484415698025,0.024937077422425905,0.022905823103848366,2.91
0.015807899285619067,0.024708187499805936,0.02268791693920833,2.915
0.01563320074003489,0.02448135157856233,0.02247203154185234,2.92
0.015460369566812945,0.024256551865293085,0.022258148889272474,2.9250000000000003
0.015289386735211128,0.02403377071143826,0.022046251109354518,2.93
0.015120233394388213,0.023812990612243696,0.02183632047927341,2.935
0.014952890871925589,0.023594194205729137,0.021628339424402315,2.94
0.014787340672354576,0.023377364271658114,0.02142229051722428,2.945
0.014623564475693818,0.023162483730520787,0.02121815647624989,2.95
0.014461544135992587,0.022949535642512328,0.02101592016493828,2.955
0.014301261679887203,0.02273850320652272,0.020815564590626622,2.96
0.014142699305161599,0.022529369759132865,0.020617072903465934,2.965
0.013985839379319076,0.02232211877360746,0.020420428395357133,2.97
0.013830664438162221,0.022116733858906275,0.020225614498900774,2.975
0.013677157184378593,0.021913198758686882,0.020032614786343165,2.98
0.013525300486141506,0.021711497350321893,0.01984141296853738,2.985
0.013375077375711917,0.021511613643919427,0.019651992893902896,2.99
0.01322647104805417,0.021313531781344094,0.019464338547393323,2.995
0.013079464859457253,0.021117236035251563,0.019278434049471684,3.0
0.012934042326168549,0.02092271080812343,0.01909426365508915,3.005
0.012790187123031392,0.02072994063130261,0.018911811752668796,3.0100000000000002
0.012647883082133871,0.02053891016404525,0.018731062863096826,3.015
0.012507114191466285,0.02034960419257071,0.01855200163871951,3.02
0.012367864593587996,0.020162007629115915,0.018374612862345624,3.025
0.012230118584300797,0.019976105510996392,0.01819888144625165,3.0300000000000002
0.012093860611331267,0.019791882999680183,0.01802479243119852,3.035
0.01195907527302447,0.01960932537984937,0.017852330985447605,3.04
0.011825747317042145,0.019428418058487527,0.017681482403787988,3.045
0.011693861639073197,0.019249146563957212,0.017512232106565793,3.0500000000000003
0.011563403281549872,0.019071496545090563,0.01734456563871976,3.055
0.01143435743237474,0.01889545377028049,0.017178468668824668,3.06
0.011306709423655383,0.018721004126580322,0.017013926988138892,3.065
0.01118044473044672,0.018548133618811337,0.016850926509655036,3.0700000000000003
0.011055548969503958,0.018376828368666002,0.016689453267161942,3.075
0.010932007898041836,0.018207074613827114,0.01652949341430857,3.08
0.010809807412504126,0.01803885870708634,0.016371033223672872,3.085
0.01068893354734071,0.017872167115469108,0.016214059085839512,3.09
0.010569372473793637,0.017706986419364922,0.016058557508479954,3.095
0.010451110498689993,0.0175433033116627,0.01590451511544037,3.1
0.010334134063247055,0.01738110459689469,0.015751918645835725,3.105
0.010218429741882093,0.017220377190377226,0.015600754953146194,3.11
0.01010398424103022,0.017061108117365976,0.015451011004321726,3.115
0.009990784397976868,0.01690328451221237,0.01530267387889422,3.12
0.009878817179688576,0.0167468936175234,0.015155730768088441,3.125
0.009768069681662607,0.01659192278333028,0.015010168973948074,3.13
0.009658529126774777,0.016438359466259805,0.014865975908457394,3.1350000000000002
0.00955018286414649,0.01628619122871205,0.014723139092676633,3.14
0.009443018368009789,0.016135405738042195,0.014581646155878463,3.145
0.00933702323658637,0.015985990765748276,0.014441484834691246,3.15
0.00923218519097435,0.015837934186664952,0.014302642972246468,3.1550000000000002
0.009128492074041044,0.01569122397816232,0.014165108517336242,3.16
0.00902593184932684,0.015545848219342986,0.014028869523568946,3.165
0.008924492599953916,0.015401795090259145,0.013893914148537526,3.17
0.008824162527546303,0.015259052871119077,0.01376023065298764,3.1750000000000003
0.008724929951155262,0.015117609941507366,0.01362780739999589,3.18
0.008626783306194206,0.01497745477960828,0.013496632854150576,3.185
0.008529711143382126,0.01483857596143619,0.013366695580737732,3.19
0.008433702127693553,0.014700962160064395,0.013237984244933958,3.1950000000000003
0.00833874503731638,0.01456460214486812,0.013110487611005629,3.2
0.00824482876261953,0.01442948478076465,0.012984194541509437,3.205
0.008151942305127518,0.014295599027464224,0.012859093996502221,3.21
0.008060074776500488,0.014162933938721386,0.012735175032755012,3.215
0.007969215397526734,0.014031478661594354,0.012612426802970787,3.22
0.00787935349711928,0.01390122243570808,0.012490838555010876,3.225
0.00779047851132189,0.013772154592522224,0.012370399631121678,3.23
0.00770257998232112,0.01364426455460468,0.012251099467172358,3.235
0.007615647557468615,0.013517541834908267,0.012132927591893243,3.24
0.007529670988308708,0.013391976036055913,0.012015873626121859,3.245
0.007444640129616667,0.013267556849624414,0.011899927282053422,3.25
0.007360544938438015,0.013144274055441366,0.011785078362496508,3.255
0.007277375473144611,0.013022117520879053,0.011671316760133072,3.2600000000000002
0.007195121892490784,0.012901077200157925,0.011558632456785614,3.265
0.007113774454679954,0.012781143133653123,0.011447015522688314,3.27
0.007033323516438233,0.012662305447205834,0.011336456115761463,3.275
0.006953759532095803,0.012544554351440685,0.01122694448089503,3.2800000000000002
0.0068750730526751834,0.01242788014108456,0.011118470949233305,3.285
0.006797254724986467,0.012312273194293146,0.011011025937467372,3.29
0.006720295290730951,0.01219772397198394,0.010904599947130106,3.295
0.006644185585610318,0.012084223017166792,0.01079918356389926,3.3000000000000003
0.006568916538445706,0.011971760954286245,0.010694767456902655,3.305
0.006494479170299701,0.011860328488565483,0.010591342378028308,3.31
0.006420864593610796,0.011749916405355066,0.010488899161243476,3.315
0.006348064011329816,0.011640515569485645,0.010387428721912787,3.3200000000000003
0.006276068716066689,0.0115321169246264,0.010286922056125749,3.325
0.006204870089243493,0.011424711492647455,0.010187370240027447,3.33
0.006134459600253623,0.011318290372987212,0.010088764429153504,3.335
0.006064828805628246,0.01121284474202287,0.009991095857771106,3.34
0.005995969348210386,0.01110836585244716,0.009894355838223687,3.345
0.0059278729563352105,0.011004845032648687,0.009798535760280572,3.35
0.005860531443016287,0.010902273686095483,0.009703627090492497,3.355
0.0057939367051408905,0.010800643290726102,0.009609621371550445,3.36
0.005728080722669784,0.010699945398341404,0.009516510221649704,3.365
0.005662955557844467,0.010600171634003982,0.009424285333858551,3.37
0.0055985533544013494,0.010501313695438398,0.009332938475491912,3.375
0.005534866336792547,0.01040336335244028,0.009242461487488819,3.38
0.005471886809411947,0.010306312446284759,0.009152846283795256,3.3850000000000002
0.005409607155830925,0.010210152889143,0.009064084850751863,3.39
0.005348019838035501,0.010114876663501124,0.008976169246484212,3.395
0.005287117395676248,0.010020475821582739,0.008889091600300086,3.4
0.005226892445318074,0.0099269424847792,0.008802844112089592,3.4050000000000002
0.005167337679702201,0.009834268843079513,0.008717419051731004,3.41
0.005108445867009295,0.009742447154506602,0.008632808758499826,3.415
0.005050209850133846,0.009651469744557982,0.008549005640482157,3.42
0.0049926225459601264,0.009561329005650368,0.008466002173994661,3.4250000000000003
0.004935676944648287,0.009472017396567346,0.008383790903005832,3.43
0.004879366108923127,0.009383527441912495,0.00830236443856436,3.435
0.00482368317337214,0.009295851731566203,0.008221715458229712,3.44
0.004768621343748065,0.009208982920144687,0.008141836705507874,3.4450000000000003
0.0047141738962760815,0.00912291372646627,0.008062720989292393,3.45
0.004660334176970539,0.009037636933018834,0.007984361183307432,3.455
0.004607095600954673,0.008953145385433585,0.007906750225556867,3.46
0.004554451651786224,0.008869431991960003,0.00782988111777716,3.465
0.004502395880792205,0.008786489722946053,0.007753746924893917,3.47
0.004450921906405405,0.00870431161032496,0.007678340774483151,3.475
0.004400023413508086,0.00862289074709995,0.0076036558562358955,3.48
0.004349694152783997,0.008542220286838967,0.00752968542142885,3.485
0.004299927940071565,0.00846229344316826,0.007456422782396188,3.49
0.004250718655726846,0.008383103489273059,0.00738386131200743,3.495
0.004202060243988626,0.008304643757401453,0.007311994443149488,3.5
0.004153946712353782,0.008226907638370614,0.007240815668211704,3.505
0.004106372130951533,0.008149888581076658,0.007170318538575416,3.5100000000000002
0.004059330631929751,0.008073580092011728,0.007100496664107113,3.515
0.004012816408843485,0.00799797573478002,0.007031343712656042,3.52
0.003966823716048124,0.007923069129620661,0.0069628534095553755,3.525
0.003921346868100887,0.007848853952933943,0.006895019537126977,3.5300000000000002
0.0038763802391647757,0.007775323936807573,0.006827835934191298,3.535
0.003831918262420139,0.0077024728685532754,0.006761296495579633,3.54
0.003787955429479456,0.007630294590240556,0.006695395171650333,3.545
0.0037444862898094074,0.007558782998236886,0.006630125967810027,3.5500000000000003
0.0037015054501563557,0.007487932042752637,0.0065654829440384135,3.555
0.0036590075739786365,0.0074177357273860515,0.0065014602144137625,3.56
0.0036169873808816946,0.007348188108674154,0.006438051946647763,3.565
0.0035754396460611613,0.007279283295648539,0.00637525236161858,3.5700000000000003
0.0035343591997490263,0.007211015449389502,0.0063130557329106355,3.575
0.0034937409266653113,0.0071433787825899014,0.006251456386357655,3.58
0.0034535797654749617,0.007076367559116249,0.006190448699588777,3.585
0.0034138707082495253,0.007009976093579092,0.006130027101578575,3.59
0.003374608799933269,0.006944198750901991,0.0060701860721995285,3.595
0.0033357891378145623,0.006879029945897599,0.00601092014178111,3.6
0.0032974068710035667,0.006814464142842656,0.0059522238906687406,3.605
0.003259457199911522,0.0067504958550608125,0.005894091948788325,3.61
0.003221935375736991,0.006687119644506246,0.005836518995213801,3.615
0.0031848366999571087,0.006624330121350969,0.005779499757739047,3.62
0.003148156523822178,0.006562121943575902,0.005723029012450736,3.625
0.0031118902478556596,0.006500489816562731,0.005667101583307962,3.63
0.0030760333213582193,0.006439428492694529,0.00561171234172191,3.6350000000000002
0.0030405812419181566,0.006378932770951466,0.005556856206142037,3.64
0.003005529554922827,0.006318997496518754,0.005502528141643405,3.645
0.002970873853078819,0.006259617560388887,0.0054487231595177175,3.65
0.002936609775932883,0.006200787898974119,0.005395436316868269,3.6550000000000002
0.0029027330094006775,0.006142503493717817,0.005342662716208284,3.66
0.002869239285295911,0.006084759370710207,0.005290397505061663,3.665
0.0028361243808682295,0.006027550600308341,0.005238635875567319,3.67
0.0028033841183418263,0.005970872296754865,0.005187373064086858,3.6750000000000003
0.002771014364460869,0.005914719617806547,0.005136604350816254,3.68
0.0027390110300369148,0.005859087764359207,0.005086325059398248,3.685
0.0027073700695031447,0.005803971980080644,0.005036530556541084,3.69
0.0026760874804703494,0.005749367551041477,0.004987216251637854,3.6950000000000003
0.002645159303289087,0.005695269805354592,0.004938377596390257,3.7
0.0026145816206137817,0.005641674112812669,0.004890010084434915,3.705
0.002584350556973318,0.005588575884531631,0.004842109250972332,3.71
0.002554462278343555,0.005535970572595533,0.004794670672401322,3.715
0.0025249129917262188,0.005483853669704627,0.004747689965952146,3.72
0.002495698944728197,0.005432220708825009,0.0047011627893267915,3.725
0.0024668164251497216,0.005381067262845607,0.00465508484033982,3.73
0.0024382617605711357,0.005330388944230511,0.004609451856563247,3.735
0.0024100313179481335,0.005280181404681332,0.0045642596149735835,3.74
0.0023821215032080296,0.005230440334798041,0.004519503931602941,3.745
0.002354528760850248,0.005181161463743031,0.004475180661191035,3.75
0.0023272495735526173,0.005132340558909965,0.004431285696842378,3.755
0.0023002804617781813,0.00508397342559242,0.0043878149696846445,3.7600000000000002
0.0022736179833884483,0.0050360559066583745,0.004344764448531074,3.765
0.0022472587332594395,0.004988583882222969,0.004302130139544391,3.77
0.0022211993429005865,0.004941553269329967,0.004259908085904685,3.775
0.0021954364800788125,0.004894960021629308,0.0042180943674791135,3.7800000000000002
0.002169966848445046,0.0048488001290623636,0.004176685100495775,3.785
0.0021447871871645104,0.004803069617546961,0.004135676437217497,3.79
0.002119894270551258,0.004757764548665547,0.004095064565622807,3.795
0.002095284907705652,0.00471288101935686,0.0040548457090844115,3.8000000000000003
0.002070955942154225,0.00466841516160864,0.004015016126054539,3.805
0.002046904251496255,0.004624363142154718,0.003975572109750302,3.81
0.002023126747049785,0.0045807211621707415,0.0039365099878440986,3.815
0.001999620373504393,0.0045374854569792825,0.0038978261221527402,3.8200000000000003
0.001976382108574818,0.004494652295749485,0.003859516908334804,3.825
0.0019534089626594775,0.004452217981204401,0.0038215787755844287,3.83
0.001930697978501869,0.004410178849329299,0.0037840081863326444,3.835
0.0019082462308550867,0.004368531269081133,0.0037468016359481562,3.84
0.0018860508261498007,0.004327271642103273,0.0037099556524423645,3.845
0.0018641089021653743,0.004286396402438977,0.003673466796175422,3.85
0.0018424176277039195,0.004245902016250484,0.0036373316595662555,3.855
0.001820974202268461,0.00420578498153812,0.0036015468668044452,3.86
0.001799775855742743,0.004166041827862628,0.0035661090735635104,3.865
0.0017788198480759509,0.004126669116071178,0.003531014966718723,3.87
0.0017581034689686207,0.00408766343802092,0.0034962612640654154,3.875
0.0017376240375632799,0.0040490214163126014,0.003461844714040453,3.88
0.0017173789021366662,0.004010739704017506,0.0034277620954466645,3.8850000000000002
0.0016973654397969547,0.003972814984414453,0.003394010217177763,3.89
0.0016775810561810258,0.0039352439707232255,0.003360585917948665,3.895
0.0016580231851582665,0.0038980234058445746,0.003327486066023909,3.9
0.0016386892885333758,0.0038611500620981975,0.003294707558953163,3.9050000000000002
0.0016195768557558284,0.0038246207409667822,0.0032622473233051177,3.91
0.001600683403629844,0.003788432272839502,0.003230102314405107,3.915
0.0015820064760275004,0.003752581516759405,0.003198269516075991,3.92
0.001563543643605674,0.0037170653601711107,0.0031667459403790124,3.9250000000000003
0.0015452925035247165,0.0036818807186722448,0.003135528627358971,3.93
0.001527250679170591,0.0036470245357662864,0.003104614644790586,3.935
0.0015094158198797442,0.0036124937826172107,0.0030740010879270765,3.94
0.0014917856006655458,0.0035782854578066126,0.0030436850792503814,3.9450000000000003
0.0014743577219496348,0.003544396587092723,0.0030136637682252835,3.95
0.001457129909293463,0.0035108242231715174,0.002983934331053696,3.955
0.0014400999131346497,0.0034775654454389003,0.0029544939704321056,3.96
0.001423265508524563,0.003444617359757379,0.0029253399153111007,3.9650000000000003
0.001406624494869071,0.003411977098221211,0.002896469420655786,3.97
0.001390174695671737,0.0033796418189271566,0.002867879767210856,3.975
0.0013739139582797531,0.0033476087057432713,0.002839568261264223,3.98
0.001357840153632157,0.0033158749680834384,0.0028115322344161426,3.985
0.0013419511760102462,0.0032844378406813837,0.002783769043347127,3.99
0.0013262449427920587,0.0032532945833672763,0.0027562760695913156,3.995
0.00131071939420687,0.003222442480845833,0.0027290507193081944,4.0
0.0012953724930944896,0.003191878842477326,0.0027020904230591466,4.005
0.0012802022246653855,0.003161601002060091,0.0026753926355842033,4.01
0.001265206596263615,0.0031316063176130534,0.002648954835582256,4.015
0.001250383637132771,0.0031018921711632934,0.00262277452549072,4.0200000000000005
0.0012357313981835516,0.0030724559685322466,0.0025968492312705787,4.025
0.0012212479517640284,0.0030432951391269752,0.0025711765021897925,4.03
0.001206931391431527,0.00301440713572863,0.002545753910611481,4.035
0.0011927798317284684,0.002985789434288928,0.002520579051781437,4.04
0.0011787914079582824,0.002957439533721683,0.0024956495436199416,4.045
0.0011649642759654672,0.0029293549557020257,0.0024709630265132105,4.05
0.001151296611916831,0.0029015332444620704,0.002446517163108443,4.055
0.0011377866120847117,0.0028739719665932793,0.0024223096381091494,4.0600000000000005
0.0011244324926341762,0.002846668710846167,0.0023983381580731144,4.065
0.0011112324894093503,0.0028196210879348482,0.0023746004512126607,4.07
0.0010981848577251833,0.0027928267303418647,0.0023510942671952344,4.075
0.0010852878721589146,0.002766283292124201,0.002327817376946468,4.08
0.001072539826344826,0.002739988448721993,0.0023047675724557986,4.085
0.001059939032770915,0.0027139398967685564,0.002281942666582051,4.09
0.001047483822576581,0.002688135353902393,0.0022593404928621767,4.095
0.0010351725453549546,0.002662572558579141,0.0022369589053210593,4.1
0.0010230035689540935,0.0026372492698878056,0.002214795778283084,4.105
0.0010109752792823233,0.0026121632673655167,0.00219284900618552,4.11
0.0009990860801148062,0.0025873123508166817,0.002171116503392936,4.115
0.0009873343929023492,0.0025626943401327045,0.002149596204014103,4.12
0.0009757186565817189,0.0025383070751115134,0.0021282860617201564,4.125
0.0009642373273883787,0.0025141484152814758,0.0021071840495641295,4.13
0.0009528888786712007,0.00249021623972489,0.002086288159802731,4.135
0.0009416718007079302,0.002466508446903538,0.002065596403718281,4.14
0.0009305846005247417,0.002443022954485884,0.0020451068114442214,4.1450000000000005
0.0009196258017155008,0.0024197576991756738,0.002024817431790652,4.15
0.0009087939442635294,0.0023967106365424882,0.002004726332071458,4.155
0.0008980875843661223,0.0023738797408519737,0.001984831597934619,4.16
0.0008875052942595594,0.002351263004899925,0.0019651313331914707,4.165
0.0008770456620469387,0.0023288584398459375,0.0019456236596497886,4.17
0.000866707291526755,0.0023066640750502936,0.0019263067169467698,4.175
0.0008564888020243523,0.002284677957909605,0.0019071786623844238,4.18
0.0008463888282244065,0.002262898153696585,0.001888237670766062,4.1850000000000005
0.0008364060200050703,0.0022413227453999575,0.001869481934234055,4.19
0.0008265390422743927,0.0022199498335653558,0.0018509096621096065,4.195
0.0008167865748079889,0.002198777536138754,0.0018325190807331744,4.2
0.0008071473120885926,0.0021778039883098435,0.001814308433307559,4.205
0.0007976199631468814,0.0021570273423582027,0.001796275979740249,4.21
0.0007882032514045802,0.0021364457674996817,0.0017784199964901513,4.215
0.0007788959145186414,0.0021160574497349,0.0017607387764124636,4.22
0.0007696967042272626,0.0020958605916981364,0.0017432306286075667,4.225
0.0007606043861976741,0.002075853412508989,0.0017258938782698202,4.23
0.0007516177398750705,0.0020560341476225145,0.0017087268665380388,4.235
0.0007427355583333954,0.0020364010486856416,0.0016917279503475978,4.24
0.0007339566481279333,0.002016952383388532,0.0016748955022831457,4.245
0.0007252798291485464,0.0019976864353233163,0.0016582279104338344,4.25
0.0007167039344758185,0.0019786015038385494,0.001641723578248536,4.255
0.0007082278102370866,0.0019596959038996943,0.001625380924392927,4.26
0.000699850315465383,0.0019409679659475158,0.0016091983826083275,4.265
0.0006915703219588712,0.0019224160357592607,0.001593174401571245,4.2700000000000005
0.0006833867141425868,0.001904038474310894,0.0015773074447537842,4.275
0.0006752983889305275,0.0018858336576394784,0.0015615959902864527,4.28
0.0006673042555902061,0.0018677999767089258,0.0015460385308210848,4.285
0.0006594032356086841,0.0018499358372743723,0.0015306335733959232,4.29
0.0006515942625582795,0.0018322396597494738,0.001515379639300758,4.295
0.0006438762819663087,0.001814709879074784,0.0015002752639449123,4.3
0.0006362482511839223,0.0017973449445856308,0.0014853189967244146,4.305
0.0006287091392579011,0.0017801433198833538,0.0014705094008928526,4.3100000000000005
0.0006212579268023947,0.0017631034827065215,0.001455845053430268,4.315
0.0006138936058732853,0.0017462239248029843,0.0014413245449164335,4.32
0.0006066151798430879,0.001729503151803765,0.0014269464794027873,4.325
0.0005994216632776345,0.0017129396830977974,0.0014127094742871224,4.33
0.0005923120818133199,0.0016965320517078949,0.0013986121601884287,4.335
0.0005852854720365837,0.00168027880416686,0.0013846531808235118,4.34
0.0005783408813642376,0.0016641785003962363,0.0013708311928842074,4.345
0.0005714773679242344,0.0016482297135850955,0.0013571448659163697,4.3500000000000005
0.0005646940004395771,0.001632431030070509,0.0013435928821988363,4.355
0.000557989858111856,0.0016167810492172772,0.0013301739366249723,4.36
0.0005513640305062286,0.0016012783833022658,0.001316886736583897,4.365
0.0005448156174380691,0.0015859216573957111,0.0013037300018438852,4.37
0.0005383437288610797,0.0015707095092467422,0.0012907024644357918,4.375
0.0005319474847555377,0.0015556405891676906,0.0012778028685387379,4.38
0.0005256260150184368,0.0015407135599216865,0.0012650299703655062,4.385
0.0005193784593551493,0.001525927096607988,0.0012523825380503142,4.39
0.0005132039671709615,0.00151127988655171,0.0012398593515362145,4.3950000000000005
0.0005071016974654829,0.0014967706291931459,0.0012274592024650586,4.4
0.0005010708187264136,0.0014823980359771193,0.0012151808940667674,4.405
0.0004951105088258235,0.0014681608302445364,0.00120302324105138,4.41
0.0004892199549166559,0.001454057747124685,0.0011909850695003242,4.415
0.00048339835333086935,0.0014400875334282665,0.0011790652167604852,4.42
0.0004776449094783126,0.001426248947541584,0.0011672625313371987,4.425
0.00047195883774678337,0.0014125407593208528,0.0011555758727904077,4.43
0.00046633936140354557,0.001398961749989035,0.0011440041116298812,4.4350000000000005
0.00046078571249676776,0.0013855107120319583,0.0011325461292127099,4.44
0.0004552971317594159,0.0013721864490965447,0.0011212008176409332,4.445
0.00044987286851338375,0.001358987775888901,0.0011099670796602507,4.45
0.00044451218057444216,0.0013459135180745757,0.0010988438285604153,4.455
0.0004392143341590071,0.0013329625121780335,0.001087829988075087,4.46
0.00043397860379101763,0.0013201336054850315,0.0010769244922840023,4.465
0.0004288042722104368,0.0013074256559437929,0.0010661262855154196,4.47
0.00042369063028253526,0.001294837532068765,0.001055434322248944,4.4750000000000005
0.0004186369769078238,0.0012823681128445751,0.001044847567020682,4.48
0.0004136426189338535,0.001270016287629575,0.0010343649943275798,4.485
0.00040870687106644033,0.0012577809560631445,0.0010239855885342125,4.49
0.0004038290557835157,0.0012456610279709987,0.001013708343778764,4.495
0.00039900850324890637,0.0012336554232730867,0.0010035322638815242,4.5
0.0003942445512270526,0.0012217630718908204,0.0009934563622530038,4.505
0.00038953654499903305,0.0012099829136571212,0.0009834796618037292,4.51
0.00038488383727929086,0.0011983138982249713,0.0009736011948538779,4.515
0.00038028578813314036,0.0011867549849788627,0.0009638200030452854,4.5200000000000005
0.0003757417648955911,0.0011753051429458856,0.0009541351372522688,4.525
0.0003712511420901374,0.0011639633507071617,0.0009445456574951383,4.53
0.00036681330134973874,0.0011527285963119221,0.0009350506328533121,4.535
0.0003624276313373534,0.001141599877189532,0.0009256491413798198,4.54
0.0003580935276682648,0.0011305762000659973,0.0009163402700160747,4.545
0.0003538103928325163,0.0011196565808772397,0.0009071231145081744,4.55
0.00034957763611876184,0.0011088400446860084,0.0008979967793230624,4.555
0.0003453946735388902,0.0010981256255986358,0.0008889603775664185,4.5600000000000005
0.00034126092775294274,0.0010875123666818406,0.0008800130309003946,4.565
0.00033717582799523157,0.0010769993198814344,0.000871153869462976,4.57
0.0003331388100014707,0.0010665855459411901,0.0008623820317871608,4.575
0.00032914931593604495,0.0010562701143222823,0.0008536966647219548,4.58
0.0003252067943208106,0.001046052103123521,0.000845096923352851,4.585
0.00032131069996402673,0.0010359305990026103,0.0008365819709244981,4.59
0.0003174604938904265,0.0010259046970983769,0.0008281509787624625,4.595
0.0003136556432719637,0.0010159735009517999,0.0008198031261971018,4.6000000000000005
0.0003098956213591777,0.0010061361224307874,0.0008115376004875191,4.605
0.00030617990741361545,0.000996391681653008,0.0008033535967461993,4.61
0.00030250798664049807,0.0009867393069110015,0.0007952503178643098,4.615
0.0002988793501227182,0.0009771781345964039,0.0007872269744381415,4.62
0.0002952934947549047,0.0009677073091276049,0.0007792827846956598,4.625
0.0002917499231787292,0.0009583259828735996,0.0007714169744240749,4.63
0.00028824814371864913,0.0009490333160840966,0.0007636287768978094,4.635
0.00028478767031841926,0.0009398284768155059,0.0007559174328077279,4.64
0.00028136802247827466,0.0009307106408597213,0.0007482821901901247,4.6450000000000005
0.0002779887251928134,0.0009216789916735843,0.00074072230435725,4.65
0.0002746493088895437,0.0009127327203083718,0.0007332370378277768,4.655
0.00027134930936801053,0.0009038710253405684,0.0007258256602586059,4.66
0.00026808826773993297,0.000895093112802265,0.0007184874483763159,4.665
0.0002648657303692948,0.0008863981961134032,0.0007112216859107108,4.67
0.0002616812488140277,0.0008777854960136556,0.0007040276635271621,4.675
0.00025853437976728526,0.0008692542404954524,0.0006969046787614337,4.68
0.0002554246850004795,0.000860803664737161,0.0006898520359535833,4.6850000000000005
0.0002523517313057356,0.0008524330110375569,0.0006828690461836257,4.69
0.00024931509044025317,0.0008441415287504257,0.0006759550272066569,4.695
0.00024631433906988163,0.0008359284742190931,0.0006691093033900869,4.7
0.00024334905871478034,0.0008277931107135139,0.0006623312056497127,4.705
0.00024041883569427336,0.0008197347083653159,0.000655620071387927,4.71
0.00023752326107343762,0.0008117525441059537,0.0006489752444313503,4.715
0.0002346619306095285,0.0008038459016033618,0.0006423960749700308,4.72
0.00023183444469941414,0.0007960140712005413,0.0006358819194961646,4.7250000000000005
0.00022904040832737524,0.0007882563498540954,0.0006294321407444674,4.73
0.00022627943101352472,0.0007805720410737026,0.0006230461076320632,4.735
0.00022355112676275372,0.0007729604548606492,0.000616723195199917,4.74
0.00022085511401443456,0.0007654209076503618,0.0006104627845539774,4.745
0.00021819101559242767,0.0007579527222510166,0.000604264262807488,4.75
0.0002155584586555554,0.0007505552277864868,0.0005981270230233935,4.755
0.0002129570746491999,0.0007432277596370389,0.0005920504641576997,4.76
0.00021038649925666817,0.0007359696593830633,0.0005860339910027026,4.765
0.00020784637235164282,0.000728780274746585,0.0005800770141318465,4.7700000000000005
0.00020533633795069044,0.0007216589595359599,0.0005741789498438146,4.775
0.00020285604416707555,0.0007146050735894149,0.0005683392201081414,4.78
0.00020040514316399345,0.0007076179827188347,0.0005625572525106392,4.785
0.00019798329110925017,0.0007006970586561802,0.000556832480200089,4.79
0.00019559014813000006,0.0006938416789974416,0.0005511643418345212,4.795
0.00019322537826792625,0.000687051227149901,0.0005455522815288735,4.8
0.00019088864943526076,0.0006803250922778045,0.0005399957488024802,4.805
0.00018857963337084492,0.0006736626692492376,0.0005344941985274682,4.8100000000000005
0.00018629800559720198,0.00066706335858452,0.0005290470908773075,4.815
0.00018404344537743326,0.0006605265664028291,0.000523653891276207,4.82
0.00018181563567318734,0.0006540517043716953,0.0005183140703486013,4.825
0.0001796142631028083,0.0006476381896545981,0.0005130271038696114,4.83
0.00017743901789991993,0.0006412854448618039,0.0005077924727152496,4.835
0.000175289593872466,0.0006349928979988188,0.0005026096628139299,4.84
0.00017316568836246062,0.0006287599824175667,0.0004974781650977724,4.845
0.00017106700220590485,0.0006225861367662496,0.0004923974754546335,4.8500000000000005
0.00016899323969292972,0.0006164708049408554,0.00048736709468055,4.855
0.0001669441085292882,0.0006104134360371098,0.00048238652843273194,4.86
0.0001649193197971998,0.0006044134843015734,0.0004774552871827662,4.865
0.00016291858791702804,0.000598470409084929,0.00047257288617073015,4.87
0.00016094163060994342,0.0005925836747944835,0.0004677388453587848,4.875
0.00015898816885985428,0.000586752750847411,0.0004629526893865467,4.88
0.00015705792687690823,0.0005809771116247752,0.0004582139475257226,4.885
0.0001551506320607329,0.0005752562364249235,0.00045352215363564466,4.89
0.0001532660149641185,0.0005695896094194599,0.0004488768461193628,4.8950000000000005
0.00015140380925730924,0.0005639767196064382,0.00044427756787982766,4.9
0.0001495637516927836,0.0005584170607676127,0.0004397238662766458,4.905
0.00014774558206982551,0.0005529101314223159,0.00043521529308355203,4.91
0.00014594904320056154,0.0005474554347853467,0.00043075140444531545,4.915
0.00014417388087500636,0.0005420524787226072,0.0004263317608364537,4.92
0.0001424198438276649,0.0005367007757081396,0.0004219559270188772,4.925
0.000140686683703962,0.0005313998427819393,0.0004176234720013066,4.93
0.00013897415502714695,0.0005261492015074463,0.00041333396899794454,4.9350000000000005
0.00013728201516549526,0.0005209483779293444,0.0004090869953881588,4.94
0.00013561002429988075,0.000515796902533009,0.00040488213267642824,4.945
0.0001339579453919967,0.0005106943102027154,0.0004007189664526504,4.95
0.00013232554415251472,0.0005056401401807415,0.0003965970863526549,4.955
0.00013071258900977306,0.0005006339360277458,0.00039251608601940794,4.96
0.00012911885107898502,0.0004956752455824359,0.000388475563064329,4.965
0.00012754410413128644,0.0004907636209217278,0.00038447511902907426,4.97
0.0001259881245639128,0.00048589861832190346,0.00038051435934765453,4.9750000000000005
0.00012445069136992275,0.0004810797982192465,0.00037659289330908125,4.98
0.00012293158610888038,0.0004763067251721572,0.0003727103340198985,4.985
0.00012143059287713716,0.00047157896782237325,0.00036886629836784787,4.99
0.00011994749827945994,0.00046689609885756353,0.0003650604069848118,4.995
0.00011848209139992485,0.00046225769497339886,0.0003612922842112153,5.0
0.00011703416377400948,0.0004576633368368093,0.0003575615580601024,5.005
0.00011560350936005893,0.00045311260904908643,0.00035386786018155094,5.01
0.00011418992451248469,0.000448605100109105,0.0003502108258279525,5.015
0.00011279320795345693,0.0004441404023778259,0.00034659009381879754,5.0200000000000005
0.00011141316074636928,0.0004397181120416788,0.0003430053065066771,5.025
0.00011004958626919004,0.00043533782907787905,0.0003394561097428777,5.03
0.00010870229018755582,0.0004309991572186472,0.00033594215284373505,5.035
0.00010737108042887893,0.0004267017039167255,0.0003324630885571813,5.04
0.00010605576715663524,0.00042244508031082155,0.00032901857302966564,5.045
0.00010475616274442527,0.0004182289011912785,0.0003256082657731498,5.05
0.00010347208175100056,0.000414052784966451,0.00032223182963274236,5.055
0.00010220334089496468,0.0004099163536288966,0.00031888893075463154,5.0600000000000005
0.00010094975903028594,0.0004058192327220565,0.00031557923855376856,5.065
9.971115712180204e-05,0.0004017610513074046,0.0003123024256827191,5.07
9.848735822097536e-05,0.00039774144193221387,0.0003090581680002803,5.075
9.727818744185198e-05,0.0003937600405963108,0.00030584614454013775,5.08
9.60834719377998e-05,0.00038981648672084323,0.000302666037480669,5.085
9.490304087778467e-05,0.0003859104231158823,0.0002995175321142537,5.09
9.37367254234137e-05,0.0003820414959496073,0.00029640031681728914,5.095
9.258435870604774e-05,0.00037820935471635965,0.0002933140830201321,5.1000000000000005
9.144577580430414e-05,0.00037441365220654076,0.0002902585251779135,5.105
9.032081372153739e-05,0.0003706540444750844,0.0002872333407408592,5.11
8.920931136386123e-05,0.00036693019081223766,0.000284238230125826,5.115
8.811110951827349e-05,0.0003632417537123865,0.00028127289668709523,5.12
8.702605083114037e-05,0.00035958839884501554,0.00027833704668826277,5.125
8.59539797867325e-05,0.00035596979502512693,0.00027543038927391644,5.13
8.489474268612922e-05,0.00035238561418361676,0.00027255263644186006,5.135
8.384818762647604e-05,0.0003488355313386201,0.0002697035030153381,5.14
8.281416448016828e-05,0.0003453192245667838,0.00026688270661589874,5.1450000000000005
8.179252487445148e-05,0.000341836374974852,0.000264089967636017,5.15
8.078312217144198e-05,0.00033838666667132013,0.0002613250092126113,5.155
7.978581144800689e-05,0.00033496978673871477,0.00025858755720013446,5.16
7.880044947600263e-05,0.00033158542520589596,0.0002558773401442968,5.165
7.782689470297949e-05,0.00032823327502043046,0.0002531940892561733,5.17
7.686500723261176e-05,0.0003249130320219161,0.00025053753838628814,5.175
7.5914648805978e-05,0.00032162439491460873,0.0002479074239988512,5.18
7.497568278220478e-05,0.00031836706524114106,0.0002453034851467758,5.1850000000000005
7.404797412054538e-05,0.0003151407473556232,0.00024272546344622227,5.19
7.31313893613051e-05,0.00031194514839798785,0.00024017310305208923,5.195
7.222579660785557e-05,0.0003087799782680999,0.00023764615063301338,5.2
7.133106550879023e-05,0.0003056449495995338,0.00023514435534735436,5.205
7.04470672398289e-05,0.0003025397777345984,0.00023266746881889756,5.21
6.957367448649589e-05,0.0002994641806988916,0.00023021524511287247,5.215
6.871076142632437e-05,0.000296417879176552,0.00022778744071226374,5.22
6.785820371210944e-05,0.0002934005964853457,0.00022538381449462594,5.2250000000000005
6.701587845457102e-05,0.0002904120585520376,0.0002230041277085505,5.23
6.618366420562183e-05,0.00028745199388832465,0.00022064814395070313,5.235
6.536144094174399e-05,0.00028452013356671755,0.000218315629143178,5.24
6.454909004755795e-05,0.00028161621119681107,0.00021600635151077034,5.245
6.374649429951408e-05,0.00027873996290106825,0.00021372008155873539,5.25
6.295353784984243e-05,0.0002758911272923054,0.00021145659205066135,5.255
6.217010621065556e-05,0.00027306944544981297,0.0002092156579863625,5.26
6.139608623830791e-05,0.0002702746608966548,0.00020699705658041765,5.265
6.063136611779597e-05,0.0002675065195769953,0.0002048005672403642,5.2700000000000005
5.987583534731807e-05,0.00026476476983321265,0.00020262597154573105,5.275
5.912938472320895e-05,0.0002620491623840012,0.00020047305322677054,5.28
5.839190632502753e-05,0.0002593594503018619,0.0001983415981435165,5.285
5.766329350043609e-05,0.0002566953889912438,0.0001962313942652573,5.29
5.694344085073914e-05,0.00025405673616701543,0.00019414223164977576,5.295
5.623224421633782e-05,0.00025144325183289813,0.00019207390242342818,5.3
5.552960066233695e-05,0.00024885469825975466,0.00019002620076073373,5.305
5.4835408464455916e-05,0.0002462908399649975,0.0001879989228644385,5.3100000000000005
5.4149567094934074e-05,0.0002437514436914169,0.0001859918669462288,5.315
5.347197720875473e-05,0.00024123627838621873,0.00018400483320664255,5.32
5.280254062974372e-05,0.00023874511518081186,0.0001820376238162206,5.325
5.214116033740821e-05,0.00023627772737033816,0.00018009004289602876,5.33
5.148774045312599e-05,0.00023383389039349653,0.00017816189649882903,5.335
5.084218622725333e-05,0.00023141338181254244,0.0001762529925902278,5.34
5.020440402572104e-05,0.00022901598129353192,0.00017436314103024483,5.345
4.957430131745852e-05,0.00022664147058654784,0.00017249215355462938,5.3500000000000005
4.8951786661352e-05,0.0002242896335067288,0.0001706398437568755,5.355
4.833676969363806e-05,0.0002219602559143963,0.0001688060270698805,5.36
4.772916111539305e-05,0.00021965312569639442,0.0001669905207484306,5.365
4.7128872680322815e-05,0.00021736803274702252,0.00016519314385103214,5.37
4.6535817182396316e-05,0.00021510476894952507,0.00016341371722276648,5.375
4.594990844383904e-05,0.000212863128157269,0.00016165206347766022,5.38
4.5371061303160414e-05,0.00021064290617566503,0.00015990800698140195,5.385
4.479919160334355e-05,0.0002084439007436997,0.0001581813738346663,5.39
4.423421618025113e-05,0.0002062659115159813,0.00015647199185591515,5.3950000000000005
4.367605285102589e-05,0.0002041087400449734,0.00015477969056471242,5.4
4.312462040276005e-05,0.00020197218976331153,0.00015310430116527183,5.405
4.2579838581123764e-05,0.0001998560659659525,0.0001514456565300256,5.41
4.204162807925865e-05,0.00019776017579328033,0.00014980359118331454,5.415
4.1509910526834694e-05,0.00019568432821363588,0.0001481779412854502,5.42
4.098460847908929e-05,0.00019362833400624147,0.0001465685446167131,5.425
4.046564540605739e-05,0.00019159200574429816,0.00014497524056153268,5.43
3.995294568203339e-05,0.0001895751577784615,0.00014339787009287595,5.4350000000000005
3.9446434574875e-05,0.00018757760622002489,0.00014183627575691654,5.44
3.894603823577397e-05,0.0001855991689247286,0.00014029030165757934,5.445
3.845168368895936e-05,0.00018363966547621136,0.00013875979344140805,5.45
3.796329882135318e-05,0.0001816989171701825,0.00013724459828251735,5.455
3.748081237283085e-05,0.00017977674699820554,0.0001357445648678741,5.46
3.700415392595095e-05,0.0001778729796321518,0.00013425954338238376,5.465
3.653325389647444e-05,0.00017598744140820072,0.00013278938549431506,5.47
3.606804352340536e-05,0.00017411996031163127,0.0001313339443409741,5.4750000000000005
3.560845485950811e-05,0.00017227036596131274,0.000129893074514302,5.48
3.51544207618558e-05,0.00017043848959438323,0.00012846663204671286,5.485
3.470587488235387e-05,0.0001686241640512073,0.0001270544743971713,5.49
3.426275165865679e-05,0.00016682722376070398,0.00012565646043717732,5.495
3.382498630479342e-05,0.00016504750472502464,0.00012427245043693773,5.5
3.3392514802180094e-05,0.00016328484450518877,0.00012290230605207188,5.505
3.296527389083394e-05,0.00016153908220668326,0.00012154589030963652,5.51
3.2543201060336596e-05,0.00015981005846472035,0.0001202030675952361,5.515
3.212623454111276e-05,0.00015809761543018463,0.00011887370363952291,5.5200000000000005
3.171431329592809e-05,0.00015640159675553634,0.00011755766550519502,5.525
3.1307377011148026e-05,0.00015472184758060178,0.0001162548215737864,5.53
3.0905366088451217e-05,0.00015305821451897468,0.00011496504153322516,5.535
3.050822163639193e-05,0.00015141054564400902,0.00011368819636488503,5.54
3.011588546222321e-05,0.00014977869047540454,0.00011242415833095283,5.545
2.972830006363994e-05,0.0001481624999657726,0.00011117280096194399,5.55
2.9345408620818843e-05,0.00014656182648704056,0.00010993399904452967,5.555
2.8967154988349417e-05,0.00014497652381732242,0.00010870762860897215,5.5600000000000005
2.859348368746862e-05,0.00014340644712801588,0.00010749356691762252,5.565
2.82243398982017e-05,0.00014185145297052564,0.00010629169245202454,5.57
2.785966945162858e-05,0.00014031139926351502,0.00010510188490184707,5.575
2.749941882236125e-05,0.00013878614528027304,0.0001039240251526977,5.58
2.7143535120967568e-05,0.00013727555163595088,0.00010275799527469674,5.585
2.6791966086630834e-05,0.00013577948027505783,0.00010160367851053332,5.59
2.6444660079649932e-05,0.0001342977944592384,0.00010046095926469152,5.595
2.610156607425375e-05,0.00013283035875476994,9.932972309151272e-05,5.6000000000000005
2.576263365146927e-05,0.00013137703902069164,9.820985668439727e-05,5.605
2.5427812991968494e-05,0.00012993770239637148,9.71012478645245e-05,5.61
2.5097054869065177e-05,0.00012851221729013053,9.600378557000814e-05,5.615
2.4770310641747915e-05,0.00012710045336685813,9.491735984478372e-05,5.62
2.444753224796072e-05,0.00012570228153668938,9.384186182808555e-05,5.625
2.4128672197594364e-05,0.00012431757394322274,9.27771837437812e-05,5.63
2.3813683566083722e-05,0.00012294620395227399,9.172321888961865e-05,5.635
2.3502519987538138e-05,0.00012158804614014516,9.067986162684949e-05,5.64
2.3195135648289697e-05,0.00012024297628264702,8.964700737001277e-05,5.6450000000000005
2.2891485280536582e-05,0.00011891087134385346,8.862455257647654e-05,5.65
2.259152415575319e-05,0.00011759160946501614,8.761239473638591e-05,5.655
2.2295208078544696e-05,0.00011628506995363986,8.66104323627326e-05,5.66
2.2002493380340974e-05,0.00011499113327261729,8.561856498113878e-05,5.665
2.1713336913173375e-05,0.0001137096810294697,8.463669312026655e-05,5.67
2.1427696043620825e-05,0.00011244059596586257,8.366471830178102e-05,5.675
2.1145528646927508e-05,0.00011118376194672613,8.270254303104745e-05,5.68
2.0866793100779156e-05,0.00010993906395015023,8.175007078714829e-05,5.6850000000000005
2.059144827953784e-05,0.00010870638805687419,8.080720601379495e-05,5.69
2.031945354847158e-05,0.0001074856214400606,7.987385410965476e-05,5.695
2.00507687579674e-05,0.00010627665235513432,7.89499214192552e-05,5.7
1.9785354237830026e-05,0.00010507937012986776,7.803531522368105e-05,5.705
1.952317079163417e-05,0.0001038936651541323,7.712994373154511e-05,5.71
1.926417969121224e-05,0.00010271942887032749,7.62337160697959e-05,5.715
1.900834267121479e-05,0.00010155655376338535,7.534654227508438e-05,5.72
1.875562192358069e-05,0.00010040493335128821,7.446833328465376e-05,5.7250000000000005
1.8505980092275153e-05,9.926446217538529e-05,7.359900092778229e-05,5.73
1.825938026786137e-05,9.813503579086419e-05,7.273845791694813e-05,5.735
1.8015785982395233e-05,9.701655075737454e-05,7.188661783934527e-05,5.74
1.7775161204145876e-05,9.590890462978703e-05,7.104339514832517e-05,5.745
1.753747033262145e-05,9.481199594877598e-05,7.02087051551891e-05,5.75
1.73026781933257e-05,9.372572423189203e-05,6.9382464020527e-05,5.755
1.7070750032877908e-05,9.264998996442452e-05,6.856458874620225e-05,5.76
1.684165151401918e-05,9.158469459041783e-05,6.775499716713881e-05,5.765
1.661534871087012e-05,9.052974050372447e-05,6.695360794318204e-05,5.7700000000000005
1.6391808103899473e-05,8.94850310394334e-05,6.616034055118288e-05,5.775
1.617099657522408e-05,8.845047046488913e-05,6.537511527702035e-05,5.78
1.5952881403980925e-05,8.74259639711625e-05,6.459785320771195e-05,5.785
1.5737430261632358e-05,8.641141766462124e-05,6.38284762237169e-05,5.79
1.552461120727679e-05,8.540673855831615e-05,6.306690699115095e-05,5.795
1.5314392683209957e-05,8.441183456366096e-05,6.231306895436713e-05,5.8
1.5106743510386346e-05,8.342661448203235e-05,6.156688632820969e-05,5.805
1.4901632883903076e-05,8.245098799670143e-05,6.082828409054178e-05,5.8100000000000005
1.4699030368794088e-05,8.148486566461754e-05,6.009718797501056e-05,5.815
1.449890589545289e-05,8.052815890822042e-05,5.937352446370918e-05,5.82
1.4301229755566874e-05,7.958078000758219e-05,5.865722077972195e-05,5.825
1.4105972597705313e-05,7.864264209261662e-05,5.794820488019556e-05,5.83
1.391310542324313e-05,7.771365913481518e-05,5.724640544909093e-05,5.835
1.3722599582145857e-05,7.679374593997921e-05,5.655175189023528e-05,5.84
1.353442676893477e-05,7.58828181402154e-05,5.586417432033282e-05,5.845
1.334855901860793e-05,7.498079218637476e-05,5.5183603562008915e-05,5.8500000000000005
1.3164968702685566e-05,7.408758534053347e-05,5.4509971137013175e-05,5.855
1.2983628525158618e-05,7.320311566858517e-05,5.3843209259668674e-05,5.86
1.2804511518715825e-05,7.232730203271698e-05,5.318325082975663e-05,5.865
1.2627591040849209e-05,7.146006408420418e-05,5.253002942633645e-05,5.87
1.2452840769937142e-05,7.060132225602935e-05,5.1883479300819924e-05,5.875
1.2280234701674256e-05,6.975099775578659e-05,5.1243535370831506e-05,5.88
1.2109747145134685e-05,6.890901255853532e-05,5.061013321347533e-05,5.885
1.194135271927627e-05,6.807528939973729e-05,4.998320905918396e-05,5.89
1.1775026349181914e-05,6.724975176829777e-05,4.936269978529604e-05,5.8950000000000005
1.1610743262477814e-05,6.643232389963307e-05,4.874854290984054e-05,5.9
1.1448478985919298e-05,6.562293076872471e-05,4.814067658546333e-05,5.905
1.1288209341718601e-05,6.48214980836384e-05,4.753903959318508e-05,5.91
1.1129910444098192e-05,6.402795227838241e-05,4.6943571336453436e-05,5.915
1.0973558696017728e-05,6.32422205066631e-05,4.6354211835074266e-05,5.92
1.0819130785564459e-05,6.24642306349858e-05,4.577090171931469e-05,5.925
1.0666603682772691e-05,6.16939112363527e-05,4.519358222409644e-05,5.93
1.0515954636296559e-05,6.093119158359942e-05,4.462219518304028e-05,5.9350000000000005
1.036716117006494e-05,6.0176001643211156e-05,4.4056683022873096e-05,5.94
1.0220201080125063e-05,5.9428272068848476e-05,4.349698875771605e-05,5.945
1.007505243141008e-05,5.868793419505133e-05,4.294305598318561e-05,5.95
9.931693554607139e-06,5.795492003112402e-05,4.2394828871233654e-05,5.955
9.790103043082375e-06,5.722916225498564e-05,4.185225216438522e-05,5.96
9.650259749743784e-06,5.6510594206908944e-05,4.131527117023922e-05,5.965
9.512142783950954e-06,5.57991498837699e-05,4.078383175612598e-05,5.97
9.375731508705337e-06,5.509476393275864e-05,4.025788034377388e-05,5.9750000000000005
9.241005537439736e-06,5.439737164570451e-05,3.973736390396865e-05,5.98
9.107944731264655e-06,5.370690895310477e-05,3.922222995133718e-05,5.985
8.976529195927585e-06,5.302331241832802e-05,3.871242653906191e-05,5.99
8.846739279129956e-06,5.2346519231916696e-05,3.820790225385149e-05,5.995
8.718555567478464e-06,5.167646720585325e-05,3.7708606210772714e-05,6.0
8.591958883897912e-06,5.1013094767921356e-05,3.7214488048246246e-05,6.005
8.46693028467464e-06,5.035634095621792e-05,3.6725497923053244e-05,6.01
8.343451056892596e-06,4.970614541354552e-05,3.624158650537491e-05,6.015000000000001
8.221502715595446e-06,4.906244838190811e-05,3.576270497396947e-05,6.0200000000000005
8.10106700124528e-06,4.84251906972462e-05,3.528880501123459e-05,6.025
7.982125876951787e-06,4.7794313783821765e-05,3.481983879846449e-05,6.03
7.86466152604963e-06,4.7169759649264935e-05,3.4355759011225445e-05,6.035
7.748656349333498e-06,4.65514708789853e-05,3.3896518814384956e-05,6.04
7.634092962617127e-06,4.5939390631163126e-05,3.3442071857791143e-05,6.045
7.52095419424799e-06,4.533346263152441e-05,3.2992372271422204e-05,6.05
7.40922308259436e-06,4.473363116826829e-05,3.254737466106007e-05,6.055
7.298882873526132e-06,4.4139841086977645e-05,3.2107034103546656e-05,6.0600000000000005
7.189917018120762e-06,4.3552037785653396e-05,3.167130614254434e-05,6.065
7.082309170158086e-06,4.29701672097333e-05,3.124014678398812e-05,6.07
6.976043183855354e-06,4.239417584725542e-05,3.081351249178949e-05,6.075
6.8711031114508055e-06,4.182401072390709e-05,3.039136018349009e-05,6.08
6.767473200938738e-06,4.125961939832138e-05,2.997364722597939e-05,6.085
6.665137893750582e-06,4.070094995720227e-05,2.9560331431309665e-05,6.09
6.564081822557413e-06,4.0147951010768826e-05,2.9151371052443067e-05,6.095
6.464289809026985e-06,3.9600571687895876e-05,2.8746724779170585e-05,6.1000000000000005
6.36574686159039e-06,3.9058761631703104e-05,2.8346351733975946e-05,6.105
6.268438173332781e-06,3.852247099484087e-05,2.7950211467918417e-05,6.11
6.172349119751425e-06,3.799165043505572e-05,2.75582639567984e-05,6.115
6.077465256757495e-06,3.746625111066493e-05,2.7170469596999008e-05,6.12
5.983772318492915e-06,3.694622467609101e-05,2.678678920163392e-05,6.125
5.891256215290012e-06,3.643152327755021e-05,2.6407183996606254e-05,6.13
5.799903031640644e-06,3.592209954866622e-05,2.603161561681988e-05,6.135
5.709699024128862e-06,3.541790660616464e-05,2.5660046102372603e-05,6.140000000000001
5.620630619521348e-06,3.4918898045668774e-05,2.5292437894715508e-05,6.1450000000000005
5.532684412756934e-06,3.442502793736998e-05,2.492875383294854e-05,6.15
5.445847164922197e-06,3.3936250822029706e-05,2.4568957150169943e-05,6.155
5.36010580145478e-06,3.3452521706656206e-05,2.4213011469739546e-05,6.16
5.2754474101644076e-06,3.2973796060601665e-05,2.38608808017774e-05,6.165
5.191859239425259e-06,3.250002981135455e-05,2.3512529539502787e-05,6.17
5.1093286962310395e-06,3.2031179340683524e-05,2.316792245567231e-05,6.175
5.027843344428418e-06,3.156720148056453e-05,2.282702469917201e-05,6.18
4.947390902880798e-06,3.110805350932483e-05,2.2489801791459497e-05,6.1850000000000005
4.867959243740718e-06,3.0653693147692875e-05,2.2156219623211706e-05,6.19
4.789536390602137e-06,3.0204078555061365e-05,2.1826244450891625e-05,6.195
4.71211051681089e-06,2.9759168325575135e-05,2.149984289333849e-05,6.2
4.635669943723763e-06,2.931892148446737e-05,2.1176981928592197e-05,6.205
4.560203139011287e-06,2.888329748421735e-05,2.0857628890450225e-05,6.21
4.485698715005904e-06,2.8452256201028428e-05,2.0541751465343004e-05,6.215
4.4121454270039465e-06,2.802575793098518e-05,2.0229317689013573e-05,6.22
4.339532171643285e-06,2.760376338663951e-05,1.9920295943451293e-05,6.2250000000000005
4.267847985288706e-06,2.718623369327537e-05,1.961465495360358e-05,6.23
4.197082042445062e-06,2.6773130385503012e-05,1.9312363784426954e-05,6.235
4.127223654166612e-06,2.636441540365126e-05,1.9013391837665863e-05,6.24
4.0582622665054075e-06,2.5960051090391838e-05,1.8717708848887133e-05,6.245
3.9901874589406745e-06,2.5560000187292028e-05,1.8425284884428304e-05,6.25
3.922988942910065e-06,2.516422583140487e-05,1.8136090338469568e-05,6.255
3.856656560303143e-06,2.477269155194443e-05,1.7850095929994946e-05,6.26
3.7911802819277215e-06,2.4385361266936106e-05,1.7567272700000818e-05,6.265000000000001
3.726550206100869e-06,2.4002199279973465e-05,1.7287592008478846e-05,6.2700000000000005
3.662756557176394e-06,2.362317027695476e-05,1.7011025531661133e-05,6.275
3.5997896841296355e-06,2.324823932283196e-05,1.673754525916976e-05,6.28
3.537640059163745e-06,2.2877371858548417e-05,1.6467123491220593e-05,6.285
3.476298276262659e-06,2.2510533697705387e-05,1.619973283586617e-05,6.29
3.415755049888572e-06,2.2147691023685843e-05,1.593534620626211e-05,6.295
3.3560012135738875e-06,2.1788810386359803e-05,1.5673936817965644e-05,6.3
3.2970277185909545e-06,2.1433858699178068e-05,1.5415478186308148e-05,6.305
3.2388256326676064e-06,2.108280323611145e-05,1.5159944123686406e-05,6.3100000000000005
3.1813861386316702e-06,2.073561162867905e-05,1.4907308737045942e-05,6.315
3.1247005331410298e-06,2.0392251863028145e-05,1.465754642515706e-05,6.32
3.0687602254184785e-06,2.0052692276959875e-05,1.4410631876247295e-05,6.325
3.0135567359947827e-06,1.9716901557105557e-05,1.4166540065313457e-05,6.33
2.9590816954487656e-06,1.938484873605648e-05,1.3925246251749972e-05,6.335
2.9053268432141465e-06,1.90565031895652e-05,1.3686725976770806e-05,6.34
2.8522840263416076e-06,1.8731834633713753e-05,1.3450955061101454e-05,6.345
2.799945198322515e-06,1.8410813122182347e-05,1.321790960242685e-05,6.3500000000000005
2.7483024179114445e-06,1.8093409043544144e-05,1.2987565973135713e-05,6.355
2.697347847958579e-06,1.7779593118528335e-05,1.2759900817857957e-05,6.36
2.6470737542383245e-06,1.746933639738083e-05,1.2534891051231505e-05,6.365
2.5974725043843356e-06,1.71626102572147e-05,1.2312513855524134e-05,6.37
2.5485365666828976e-06,1.685938639945226e-05,1.2092746678408597e-05,6.375
2.5002585090483272e-06,1.6559636847160793e-05,1.1875567230669892e-05,6.38
2.4526309978977166e-06,1.6263333942563614e-05,1.166095348402809e-05,6.385
2.4056467970545397e-06,1.5970450344553618e-05,1.1448883668906486e-05,6.390000000000001
2.3592987667406265e-06,1.568095902612047e-05,1.1239336272280873e-05,6.3950000000000005
2.3135798624878814e-06,1.5394833271940518e-05,1.1032290035525814e-05,6.4
2.2684831341114394e-06,1.5112046675925015e-05,1.082772395229251e-05,6.405
2.224001724714194e-06,1.4832573138835885e-05,1.0625617266383485e-05,6.41
2.1801288696633e-06,1.4556386865904638e-05,1.0425949469768457e-05,6.415
2.136857895593309e-06,1.4283462364457231e-05,1.0228700300453236e-05,6.42
2.0941822194384274e-06,1.4013774441636675e-05,1.0033849740496632e-05,6.425
2.0520953474584324e-06,1.374729820205329e-05,9.841378013989171e-06,6.43
2.0105908742885668e-06,1.3484009045586254e-05,9.651265585118733e-06,6.4350000000000005
1.9696624820171046e-06,1.3223882665073109e-05,9.463493156164436e-06,6.44
1.929303939220522e-06,1.296689504413835e-05,9.278041665649954e-06,6.445
1.8895091000796074e-06,1.2713022454980594e-05,9.094892286351185e-06,6.45
1.8502719034728927e-06,1.2462241456275667e-05,8.914026423492351e-06,6.455
1.8115863720681292e-06,1.2214528890931627e-05,8.735425712847614e-06,6.46
1.7734466114653667e-06,1.1969861884054647e-05,8.559072018928179e-06,6.465
1.7358468093368875e-06,1.1728217840862062e-05,8.384947433164755e-06,6.47
1.6987812345359155e-06,1.1489574444634745e-05,8.213034272112232e-06,6.4750000000000005
1.6622442362982857e-06,1.125390965459528e-05,8.04331507571065e-06,6.48
1.626230243386808e-06,1.1021201704042213e-05,7.875772605518353e-06,6.485
1.590733763281124e-06,1.0791429098224926e-05,7.710389842995155e-06,6.49
1.5557493813662014e-06,1.0564570612515335e-05,7.547149987809442e-06,6.495
1.5212717601461917e-06,1.0340605290357449e-05,7.386036456160389e-06,6.5
1.4872956384466798e-06,1.0119512441451197e-05,7.2270328791325394e-06,6.505
1.4538158306592468e-06,9.901271639793272e-06,7.070123101036116e-06,6.51
1.4208272259465189e-06,9.685862721914779e-06,6.915291177825768e-06,6.515000000000001
1.388324787535713e-06,9.473265784899801e-06,6.762521375493703e-06,6.5200000000000005
1.356303551948064e-06,9.263461184729982e-06,6.611798168489864e-06,6.525
1.324758628274581e-06,9.056429534381309e-06,6.463106238184659e-06,6.53
1.293685197462025e-06,8.852151702093906e-06,6.316430471345303e-06,6.535
1.2630785116018534e-06,8.650608809655115e-06,6.171755958618426e-06,6.54
1.2329338932311658e-06,8.451782230642674e-06,6.0290679930421025e-06,6.545
1.2032467346425106e-06,8.255653588751176e-06,5.888352068583246e-06,6.55
1.1740124972058815e-06,8.062204756098063e-06,5.749593878680685e-06,6.555
1.145226710720115e-06,7.871417851605892e-06,5.6127793148447595e-06,6.5600000000000005
1.1168849727376488e-06,7.683275239339269e-06,5.477894465201802e-06,6.565
1.088982947903192e-06,7.497759526912756e-06,5.344925613156423e-06,6.57
1.0615163673509136e-06,7.314853563931075e-06,5.21385923599287e-06,6.575
1.034481028055106e-06,7.134540440365094e-06,5.084682003526573e-06,6.58
1.007872792207988e-06,6.956803485080907e-06,4.957380776781953e-06,6.585
9.816875866337392e-07,6.7816262642738025e-06,4.831942606696995e-06,6.59
9.559214021639112e-07,6.6089925800052215e-06,4.708354732795857e-06,6.595
9.305702930611151e-07,6.4388864687088945e-06,4.586604581945484e-06,6.6000000000000005
9.056303764382271e-07,6.271292199735957e-06,4.466679767092911e-06,6.605
8.810978316910401e-07,6.1061942739188935e-06,4.348568086035307e-06,6.61
8.569688999239586e-07,5.943577422209505e-06,4.23225752018018e-06,6.615
8.332398834149227e-07,5.78342660420224e-06,4.117736233377687e-06,6.62
8.099071450555763e-07,5.625727006854766e-06,4.004992570719692e-06,6.625
7.869671078250277e-07,5.470464043067571e-06,3.894015057388141e-06,6.63
7.64416254265496e-07,5.317623350408854e-06,3.784792397507746e-06,6.635
7.422511259593745e-07,5.167190789781887e-06,3.6773134730327132e-06,6.640000000000001
7.204683230255134e-07,5.019152444144523e-06,3.5715673425986432e-06,6.6450000000000005
6.990645036179694e-07,4.873494617228526e-06,3.4675432404978356e-06,6.65
6.780363834401001e-07,4.730203832349187e-06,3.36523057554474e-06,6.655
6.573807352556817e-07,4.589266831085273e-06,3.2646189300498702e-06,6.66
6.370943884127968e-07,4.450670572178113e-06,3.1656980587865755e-06,6.665
6.17174228388004e-07,4.3144022302532565e-06,3.068457887960444e-06,6.67
5.976171963248476e-07,4.180449194725492e-06,2.972888514203892e-06,6.675
5.784202885763974e-07,4.048799068613224e-06,2.8789802035975624e-06,6.68
5.595805562828007e-07,3.919439667415852e-06,2.7867233907129983e-06,6.6850000000000005
5.410951049196695e-07,3.7923590180333956e-06,2.6961086776291464e-06,6.69
5.229610938851382e-07,3.6675453576417644e-06,2.6071268330300026e-06,6.695
5.051757360823182e-07,3.544987132658412e-06,2.51976879126443e-06,6.7
4.87736297504252e-07,3.424672997654244e-06,2.434025651462668e-06,6.705
4.706400968455877e-07,3.306591814374367e-06,2.3498886766365234e-06,6.71
4.5388450509038685e-07,3.190732650677073e-06,2.2673492928222275e-06,6.715
4.3746694515065555e-07,3.0770847795707517e-06,2.1863990882198474e-06,6.72
4.213848914688472e-07,2.9656376782389316e-06,2.1070298123598323e-06,6.7250000000000005
4.0563586966110574e-07,2.8563810270824097e-06,2.0292333752976898e-06,6.73
3.9021745615128823e-07,2.749304708769689e-06,1.953001846791318e-06,6.735
3.751272778125272e-07,2.6443988073507797e-06,1.8783274555296044e-06,6.74
3.603630116299463e-07,2.541653607339614e-06,1.805202588349372e-06,6.745
3.459223843498969e-07,2.4410595928117174e-06,1.7336197894989417e-06,6.75
3.3180317216277063e-07,2.342607446598049e-06,1.6635717598776678e-06,6.755
3.1800320036324354e-07,2.2462880493959648e-06,1.5950513563222835e-06,6.76
3.045203430394772e-07,2.1520924789547257e-06,1.5280515909113814e-06,6.765000000000001
2.9135252276988404e-07,2.0600120092799033e-06,1.4625656302596813e-06,6.7700000000000005
2.784977103061619e-07,1.97003810983259e-06,1.3985867948503673e-06,6.775
2.659539242938348e-07,1.882162444768797e-06,1.3361085583668433e-06,6.78
2.5371923097732195e-07,1.79637687217916e-06,1.2751245470603404e-06,6.785
2.4179174391392014e-07,1.7126734433501508e-06,1.2156285391143663e-06,6.79
2.3016962370341595e-07,1.6310444020684992e-06,1.1576144640295258e-06,6.795
2.1885107773436769e-07,1.5514821838854113e-06,1.101076402029245e-06,6.8
2.078343599019938e-07,1.473979415477273e-06,1.0460085834752991e-06,6.805
1.971177703722186e-07,1.3985289139435322e-06,9.924053883059988e-07,6.8100000000000005
1.8669965532470978e-07,1.3251236861942852e-06,9.402613454698802e-07,6.815
1.7657840672527617e-07,1.2537569282934618e-06,8.895711324137333e-07,6.82
1.6675246208759514e-07,1.184422024870511e-06,8.403295745339259e-07,6.825
1.572203042465516e-07,1.117112548503993e-06,7.925316446863821e-07,6.83
1.4798046114458763e-07,1.0518222591663196e-06,7.461724626891682e-07,6.835
1.3903150561968266e-07,9.885451036544248e-07,7.012472948522987e-07,6.84
1.3037205519786312e-07,9.272752150483207e-07,6.577515535021157e-07,6.845
1.2200077189991663e-07,8.68006912190153e-07,6.156807965515761e-07,6.8500000000000005
1.1391636204328963e-07,8.107346991778591e-07,5.750307270566326e-07,6.855
1.0611757606810985e-07,7.554532648716524e-07,5.357971928076822e-07,6.86
9.860320835056281e-08,7.021574824238936e-07,4.979761859220072e-07,6.865
9.137209703606378e-08,6.508424088266959e-07,4.6156384246006714e-07,6.87
8.442312387484284e-08,6.015032844640384e-07,4.26556442050438e-07,6.875
7.775521406177495e-08,5.541355327063511e-07,3.92950407534876e-07,6.88
7.136733609084872e-08,5.087347594928017e-07,3.6074230462327975e-07,6.885
6.5258501604381e-08,4.65296752950051e-07,3.2992884157086036e-07,6.890000000000001
5.9427765259735436e-08,4.2381748301903497e-07,3.005068688581889e-07,6.8950000000000005
5.387422459395846e-08,3.842931011097705e-07,2.72473378898213e-07,6.9
4.859701990309303e-08,3.467199397577615e-07,2.4582550574894253e-07,6.905
4.3595334120980784e-08,3.1109451231033934e-07,2.205605248480209e-07,6.91
3.8868392708132064e-08,2.774135126196283e-07,1.9667585275501534e-07,6.915
3.4415463547316684e-08,2.4567381476320783e-07,1.7416904691637753e-07,6.92
3.0235856844164874e-08,2.1587247277193628e-07,1.5303780543614457e-07,6.925
2.632892503465728e-08,1.8800672038196984e-07,1.3327996686827068e-07,6.93
2.2694062699794217e-08,1.6207397080169296e-07,1.1489351002221258e-07,6.9350000000000005
1.9330706485236874e-08,1.3807181649167111e-07,9.787655378117417e-08,6.94
1.623833502883993e-08,1.1599802896870004e-07,8.222735693767635e-08,6.945
1.3416468894387422e-08,9.58505586189598e-08,6.794431804374558e-08,6.95
1.0864670511227274e-08,7.762753453978219e-08,5.5025975273675843e-08,6.955
8.582544120365845e-09,6.132726438264832e-08,4.34710063060044e-08,6.96
6.569735727172988e-09,4.694823423073212e-08,3.327822821607908e-08,6.965
4.825933060855097e-09,3.4489108479591246e-08,2.4446597388301034e-08,6.97
3.350865539575564e-09,2.394872974562655e-08,1.697520944099243e-08,6.9750000000000005
2.144304242984231e-09,1.5326118786540682e-08,1.0863299168296158e-08,6.98
1.2060618898855867e-09,8.620474442208968e-09,6.110240498675132e-09,6.985
5.359928237549838e-10,3.831173592894319e-09,2.715546469134754e-09,6.99
1.3399300317127064e-10,9.5777113912027e-10,6.788692185872842e-10,6.995