Name of run in first row, energies in second, and eigenvalues in thirdThe rest is values of the wavefunction in colums. The last column is the space discretization.Hartree,Exchange,Exchange Correlation
(-2.8614902746293387+0j),(-2.7223976102934087+0j),(-2.8233117448462304+0j)
(-0.9178129382165808+0j),(-0.46305802313530064+0j),(-0.5114825101733056+0j)
0.000553631255494129,0.0005588631780646041,0.0005676928376502463,0.005
0.0021707415543341904,0.002191160684409479,0.0022257765515213456,0.01
0.0047877018382574505,0.004832395779003751,0.0049087269097172785,0.015
0.008343533910191424,0.008420603581627365,0.008553586769880165,0.02
0.012779816251112637,0.012896280758430585,0.013099895317816178,0.025
0.01804059275198249,0.01820231574655568,0.01848961779685348,0.03
0.02407228429117502,0.02428391962436459,0.02466707584077749,0.035
0.030823603088104688,0.0310885577243915,0.031578878512433975,0.04
0.03824546976416389,0.03856588207634855,0.03917385413996478,0.045
0.04629093304260357,0.04666766475831405,0.04740298303313022,0.05
0.054915092019597496,0.05534773222561506,0.05621933115325846,0.055
0.06407502093943902,0.0645619006788427,0.06557798480200541,0.06
0.0737296964076001,0.07426791252490547,0.07543598638629215,0.065
0.08383992697621817,0.08442537397797997,0.08575227130951647,0.07
0.09436828503751993,0.0949956938406718,0.09648760603226676,0.075
0.1052790409616082,0.10594202349957939,0.1076045273395557,0.08
0.11653809941610854,0.11722919816383245,0.11906728284556178,0.085
0.1281129378061613,0.12882367936986772,0.13084177276152936,0.09
0.13997254677442514,0.1406934987708848,0.1428954929473559,0.095
0.15208737270172598,0.15280820322494948,0.15519747926274993,0.1
0.16442926215032475,0.16513880119152008,0.16771825322952996,0.105
0.17697140819275464,0.17765771044244502,0.18042976901265392,0.11
0.18968829857045946,0.19033870708988873,0.19330536172395035,0.115
0.20255566562764957,0.20315687593057705,0.2063196970491537,0.12
0.21555043796693202,0.21608856210272392,0.21944872219585188,0.125
0.2286506937745251,0.2291113240493466,0.2326696181570261,0.13
0.2418356157640331,0.2422038877794255,0.2459607532826051,0.135
0.2550854476890231,0.2553461024159279,0.25930163814885115,0.14
0.2683814523757418,0.2685188970179523,0.27267288171357784,0.145
0.28170587122856955,0.281704238662487,0.2860561487431466,0.15
0.2950418851620429,0.2948850917694275,0.29943411849574886,0.155
0.3083735769142587,0.3080453786525951,0.3127904446438264,0.16
0.321685894697948,0.32116994127772636,0.3261097164171308,0.165
0.334964617146297,0.334244504207719,0.3393774209470549,0.17
0.34819631951200947,0.3472556387142646,0.35257990679148515,0.17500000000000002
0.36136834107915566,0.36019072803432167,0.3657043486189233,0.18
0.3744687537483102,0.3730379337490255,0.3787387130295497,0.185
0.38748633175678504,0.3857861632623151,0.3916717254905874,0.19
0.40041052249674985,0.3984250383558055,0.40449283836256594,0.195
0.4132314183949788,0.4109448647962598,0.41719219999280194,0.2
0.42593972981911254,0.4233366029716555,0.4297606248520859,0.20500000000000002
0.43852675897643967,0.4355918395316709,0.4421895646902788,0.21
0.4509843747718666,0.4477027600081716,0.45447108068631203,0.215
0.463304988593036,0.45966212239145005,0.4665978165683224,0.22
0.47548153099138935,0.47146323163769105,0.47856297267899167,0.225
0.48750742922886015,0.48309991508345584,0.4903602809619634,0.23
0.49937658566082527,0.49456649874284203,0.5019839808446912,0.23500000000000001
0.5110833569269366,0.505857784463354,0.5134287959934649,0.24
0.5226225339220247,0.516969027916614,0.5246899119166647,0.245
0.5339893225206023,0.5278959174001969,0.5357629543921696,0.25
0.5451793250288086,0.5386345534272742,0.5466439686954996,0.255
0.5561885223386867,0.5491814290811007,0.5573293996051715,0.26
0.5670132567607099,0.5595334111113911,0.567816072162467,0.265
0.5776502155105968,0.569687721750417,0.5781011731627946,0.27
0.588096414827982,0.5796419212266428,0.5881822333564161,0.275
0.5983491847045475,0.589393890954393,0.5980571103365544,0.28
0.6084061542004291,0.5989418173782279,0.6077239720935761,0.28500000000000003
0.6182652373280948,0.608284176451196,0.6171812812137661,0.29
0.627924619483707,0.6174197187267001,0.6264277797023902,0.295
0.6373827444065664,0.6263474550438898,0.6354624744105868,0.3
0.64663830164797,0.635066642787095,0.6442846230463742,0.305
0.6556902145312007,0.6435767727002725,0.6528937207503348,0.31
0.6645376285853202,0.6518775562377975,0.6612894872171162,0.315
0.6731799004355858,0.6599689134334515,0.6694718543443433,0.32
0.6816165871342938,0.667850961269883,0.6774409543908955,0.325
0.6898474359161059,0.6755240025312407,0.6851971086269711,0.33
0.6978723743625608,0.68298851512225,0.6927408164588854,0.335
0.70569150096096,0.6902451418372928,0.7000727450120897,0.34
0.7133050760433602,0.6972946805635473,0.707193719155953,0.34500000000000003
0.7207135130918215,0.7041380749028521,0.7141047119548628,0.35000000000000003
0.7279173703965423,0.7107764051970252,0.7208068355301749,0.355
0.734917343054077,0.7172108799422948,0.7273013323182012,0.36
0.741714255293023,0.7234428275783676,0.7335895667098135,0.365
0.74830905311533,0.7294736886386745,0.7396730170576801,0.37
0.7547027972414367,0.7353050082481951,0.745553268037501,0.375
0.7608966563481773,0.7409384289560549,0.7512320033501407,0.38
0.7668919005884502,0.7463756838902553,0.7567109987518384,0.385
0.7726898953824052,0.7516185902225518,0.7619921154001461,0.39
0.7782920954698634,0.7566690429315106,0.7670772935037209,0.395
0.7837000392143255,0.7615290088524239,0.7719685462640636,0.4
0.7889153431491512,0.7662005210031588,0.7766679540983875,0.405
0.7939396967568385,0.770685673175149,0.7811776591325537,0.41000000000000003
0.7987748574726373,0.7749866147792233,0.7854998599534622,0.41500000000000004
0.8034226459040235,0.7791055459363855,0.7896368066109423,0.42
0.8078849412579514,0.7830447128038134,0.7935907958593245,0.425
0.8121636769679373,0.7868064031268498,0.7973641666289984,0.43
0.8162608365135009,0.7903929420078869,0.8009592957190868,0.435
0.8201784494244848,0.7938066878836276,0.8043785937021488,0.44
0.8239185874633855,0.7970500287020511,0.8076245010325389,0.445
0.8274833609787331,0.8001253782914542,0.8106994843500481,0.45
0.8308749154230459,0.8030351729131943,0.8136060329710942,0.455
0.834095428029021,0.8057818679910117,0.8163466555594181,0.46
0.8371471046377903,0.8083679350096635,0.8189238769693477,0.465
0.8400321766734918,0.8107958585755991,0.8213402352540893,0.47000000000000003
0.8427528982584022,0.8130681336330464,0.8235982788324238,0.47500000000000003
0.8453115434630829,0.8151872628293465,0.8257005638071904,0.48
0.8477104036864689,0.8171557540225444,0.8276496514289152,0.485
0.849951785160672,0.818976117925972,0.8294481056987936,0.49
0.8520380065756636,0.8206508658834916,0.83109849110473,0.495
0.8539713968190573,0.822182507770097,0.8326033704851996,0.5
0.8557542928265525,0.8235735500121748,0.8339653030150121,0.505
0.8573890375386141,0.8248264937227507,0.8351868423077603,0.51
0.8588779779590923,0.8259438329460678,0.8362705346303119,0.515
0.8602234633118232,0.8269280530073196,0.8372189172237697,0.52
0.8614278432912577,0.8277816289624952,0.8380345167267474,0.525
0.8624934664033865,0.8285070241442688,0.838719847696248,0.53
0.8634226783931617,0.8291066887990758,0.8392774085814281,0.535
0.8642178207552065,0.8295830588121194,0.8397096845262408,0.54
0.8648812293241565,0.8299385545155724,0.8400191447200765,0.545
0.8654152329415603,0.8301755795766299,0.840208241268268,0.55
0.8658221521962011,0.8302965199616815,0.840279408140099,0.555
0.8661042982346604,0.8303037429731069,0.8402350601905562,0.56
0.8662639716395784,0.8301995963551826,0.8400775922525978,0.5650000000000001
0.866303461372351,0.8299864074662521,0.8398093782965206,0.5700000000000001
0.866225043778107,0.8296664825135629,0.8394327706534485,0.5750000000000001
0.866030981649844,0.8292421058483592,0.8389500992995558,0.58
0.8657235233496878,0.8287155393177871,0.8383636711988202,0.585
0.8653049019846738,0.8280890216714726,0.8376757697005626,0.59
0.8647773346345955,0.8273647680196047,0.8368886539900577,0.595
0.8641430216301965,0.8265449693405355,0.8360045585889643,0.6
0.8634041458788136,0.8256317920348906,0.835025692903464,0.605
0.8625628722363543,0.8246273775244691,0.8339542408176244,0.61
0.8616213469227838,0.8235338418934135,0.8327923603299741,0.615
0.8605816969796346,0.8223532755693354,0.8315421832306044,0.62
0.8594460297677763,0.821087743042985,0.8302058148172949,0.625
0.8582164325034487,0.8197392826236372,0.8287853336483638,0.63
0.8568949718310804,0.8183099062292112,0.8272827913303925,0.635
0.8554836934310268,0.8168015992087259,0.8257002123390962,0.64
0.8539846216610009,0.8152163201956263,0.8240395938713757,0.645
0.8523997592293533,0.8135560009903104,0.8223029057272869,0.65
0.8507310868989633,0.8118225464701986,0.8204920902198468,0.655
0.8489805632203201,0.8100178345259934,0.8186090621113636,0.66
0.8471501242923608,0.8081437160226944,0.8166557085751893,0.665
0.8452416835499772,0.8062020147836844,0.814633889180697,0.67
0.8432571315767211,0.8041945275969555,0.8125454359009348,0.675
0.8411983359416524,0.8021230242421443,0.8103921531411167,0.68
0.8390671410592905,0.799989247536905,0.8081758177872123,0.685
0.8368653680714194,0.7977949134018643,0.8058981792729664,0.6900000000000001
0.8345948147495577,0.7955417109426147,0.8035609596646196,0.6950000000000001
0.8322572554175897,0.7932313025482451,0.8011658537620666,0.7000000000000001
0.8298544408929786,0.7908653240048773,0.798714529215564,0.705
0.8273880984461843,0.7884453846235561,0.796208626656836,0.71
0.8248599317767864,0.7859730673815933,0.7936497598438985,0.715
0.8222716210061725,0.7834499290762482,0.7910395158183764,0.72
0.8196248226853097,0.7808775004902265,0.7883794550749083,0.725
0.8169211698172288,0.7782572865679762,0.7856711117414982,0.73
0.8141622718932907,0.7755907666021329,0.7829159937700164,0.735
0.8113497149424928,0.7728793944293153,0.7801155831364371,0.74
0.8084850615932376,0.7701245986348153,0.7772713360498349,0.745
0.8055698511467835,0.767327782765049,0.7743846831695723,0.75
0.8026055996617757,0.7644903255477529,0.7714570298301127,0.755
0.799593800049193,0.7616135811188071,0.7684897562725327,0.76
0.796535922177299,0.7586988792555165,0.7654842178828388,0.765
0.7934334129856709,0.7557475256154753,0.7624417454356738,0.77
0.7902876966081549,0.7527608019807938,0.7593636453436414,0.775
0.7871001745040939,0.7497399665070189,0.7562511999112865,0.78
0.7838722255971493,0.7466862539763872,0.7531056675935024,0.785
0.7806052064213944,0.7436008760548222,0.7499282832578338,0.79
0.7773004512743736,0.7404850215525522,0.7467202584502448,0.795
0.7739592723763338,0.7373398566876047,0.7434827816639294,0.8
0.7705829600355425,0.7341665253520804,0.7402170186109628,0.805
0.7671727828190154,0.7309661493806096,0.7369241124961258,0.81
0.7637299877285477,0.7277398288209836,0.7336051842928538,0.8150000000000001
0.7602558003814098,0.7244886422062358,0.7302613330207509,0.8200000000000001
0.7567514251955277,0.7212136468282113,0.7268936360246027,0.8250000000000001
0.7532180455788269,0.717915879012188,0.7235031492543912,0.8300000000000001
0.7496568241222417,0.7145963543922297,0.720090907546053,0.835
0.7460689027962385,0.7112560681871848,0.7166579249029504,0.84
0.7424554031505651,0.707895995476876,0.7132051947774785,0.845
0.7388174265168429,0.7045170914784943,0.709733690352831,0.85
0.735156054213795,0.701120291822753,0.706244364824581,0.855
0.7314723477548419,0.6977065128297397,0.7027381516819728,0.86
0.727767349057865,0.6942766517842507,0.6992159649885762,0.865
0.7240420806567944,0.6908315872103885,0.6956786996622271,0.87
0.7202975459149102,0.6873721791452927,0.6921272317541783,0.875
0.7165347292396078,0.683899269411864,0.6885624187270223,0.88
0.7127545962984282,0.6804136818902677,0.6849850997315826,0.885
0.7089580942360244,0.6769162227881194,0.681396095882285,0.89
0.7051461518922577,0.6734076809092118,0.6777962105311583,0.895
0.7013196800207385,0.6698888279207409,0.6741862295402232,0.9
0.6974795715080563,0.6663604186187368,0.6705669215520995,0.905
0.6936267015933775,0.6628231911917918,0.6669390382588404,0.91
0.6897619280881649,0.659277867482821,0.6633033146688253,0.915
0.685886091596188,0.6557251532489602,0.6596604693716486,0.92
0.68200001573322,0.6521657384192296,0.6560112048008534,0.925
0.6781045073468072,0.6486002973502537,0.6523562074945634,0.93
0.674200356735554,0.6450294890795761,0.648696148353807,0.935
0.6702883378681144,0.6414539575768535,0.645031682898487,0.9400000000000001
0.6663692086015898,0.6378743319925865,0.6413634515210982,0.9450000000000001
0.6624437108992696,0.634291226904579,0.6376920797378297,0.9500000000000001
0.6585125710477696,0.6307052425617986,0.6340181784373244,0.9550000000000001
0.6545764998731994,0.6271169651258758,0.6303423441268073,0.96
0.6506361929565141,0.623526966910072,0.6266651591757018,0.965
0.6466923308478552,0.619935806615521,0.6229871920565778,0.97
0.6427455792798067,0.6163440295650868,0.6193089975834897,0.975
0.6387965893794973,0.6127521679344249,0.6156311171476223,0.98
0.6348459978795533,0.609160740980478,0.611954078950234,0.985
0.6308944273276978,0.6055702552672549,0.608278398232868,0.99
0.6269424862950551,0.6019812048889107,0.6046045775048304,0.995
0.6229907695830368,0.5983940716901632,0.6009331067679082,1.0
0.6190398584288258,0.5948093254838942,0.5972644637383332,1.0050000000000001
0.6150903207092837,0.5912274242661626,0.5935991140659003,1.01
0.6111427111434057,0.5876488144282922,0.5899375115503709,1.0150000000000001
0.6071975714931113,0.5840739309663743,0.586280098355062,1.02
0.6032554307624307,0.580503197687924,0.5826273052175942,1.025
0.5993168053950755,0.5769370274158696,0.5789795516579176,1.03
0.5953821994702198,0.5733758221896749,0.5753372461834692,1.035
0.591452104896619,0.5698199734638995,0.5717007864916009,1.04
0.5875270016049369,0.5662698623037867,0.568070559669202,1.045
0.5836073577383192,0.5627258595783959,0.5644469423895301,1.05
0.5796936298411016,0.5591883261507529,0.5608303011062707,1.055
0.5757862630457458,0.5556576130655074,0.5572209922448795,1.06
0.5718856912578761,0.5521340617337125,0.5536193623911685,1.065
0.5679923373394438,0.5486180041150781,0.5500257484771365,1.07
0.5641066132900748,0.5451097628974431,0.5464404779640777,1.075
0.5602289204264471,0.5416096516736586,0.5428638690230332,1.08
0.5563596495597313,0.5381179751157785,0.5392962307125332,1.085
0.5524991811712118,0.5346350291467017,0.5357378631536827,1.09
0.5486478855859077,0.5311611011091739,0.5321890577025997,1.095
0.5448061231442367,0.5276964699321612,0.5286500971202048,1.1
0.5409742443717902,0.5242414062947776,0.5251212557394678,1.105
0.5371525901470946,0.5207961727875969,0.521602799630003,1.11
0.5333414918675136,0.5173610240714349,0.5180949867601343,1.115
0.5295412716131257,0.5139362070337169,0.5145980671564245,1.12
0.5257522423086123,0.510521960942255,0.5111122830607168,1.125
0.5219747078833006,0.507118517596733,0.507637869084603,1.1300000000000001
0.5182089634291882,0.5037261014776176,0.5041750523615307,1.135
0.5144552953569881,0.5003449298927557,0.5007240526963963,1.1400000000000001
0.5107139815503263,0.49697521312160403,0.4972850827127468,1.145
0.5069852915178896,0.4936171545570457,0.49385834799759165,1.1500000000000001
0.5032694865437097,0.4902709508449637,0.4904440472438661,1.155
0.4995668198355034,0.48693679202146584,0.4870423723905211,1.16
0.4958775366710582,0.48361486164783835,0.483653508760326,1.165
0.4922018745427265,0.4803053369432963,0.48027763519541955,1.17
0.4885400633000659,0.47700838891546926,0.47691492419052306,1.175
0.4848923252904829,0.47372418248874587,0.4735655420239875,1.18
0.4812588754980312,0.47045287663039664,0.470229648886641,1.185
0.47763992168040337,0.4671946244745927,0.4669073990083963,1.19
0.4740356645039216,0.4639495734443352,0.46359894078280195,1.195
0.4704462976767939,0.46071786537124476,0.460304416889404,1.2
0.4668720080804994,0.45749963661336074,0.4570239644140186,1.205
0.4633129758992507,0.4542950181708532,0.453757714966977,1.21
0.45976937474779717,0.4511041357997557,0.45050579479929376,1.215
0.4562413717973144,0.44792711012372793,0.44726832491687085,1.22
0.4527291278995174,0.44476405674387526,0.4440454211926347,1.225
0.44923279770902785,0.44161508634662244,0.4408371944768046,1.23
0.4457525298039742,0.43848030480969163,0.4376437507051882,1.235
0.4422884668048236,0.43535981330626844,0.4344651910055842,1.24
0.438840745491486,0.4322537084072274,0.4313016118022734,1.245
0.4354094969187215,0.4291620821816249,0.4281531049187286,1.25
0.4319948465298336,0.4260850222954061,0.4250197576784245,1.2550000000000001
0.42859691426867036,0.4230226121082187,0.42190165300393173,1.26
0.4252158146899375,0.4199749307686946,0.41879886951418466,1.2650000000000001
0.42185165706793143,0.41694205330782436,0.41571148161998833,1.27
0.4185045455035416,0.4139240507307789,0.4126395596178902,1.2750000000000001
0.4151745790296487,0.4109209901069945,0.4095831697822435,1.28
0.4118618517149937,0.4079329346586462,0.4065423744557261,1.285
0.40856645276635584,0.40495994384753653,0.403517232138117,1.29
0.40528846662921725,0.40200207346032696,0.40050779757350957,1.295
0.40202797308685495,0.39905937569227395,0.39751412183591467,1.3
0.3987850473578789,0.3961318992294023,0.3945362524132915,1.305
0.3955597601922738,0.39321968932913837,0.39157423329004937,1.31
0.39235217796591887,0.39032278789950314,0.3886281050280282,1.315
0.38916236277360344,0.3874412335768007,0.38569790484597277,1.32
0.38599037252060825,0.38457506180186785,0.3827836666975198,1.325
0.38283626101276186,0.38172430489489073,0.37988542134777203,1.33
0.37970007804515454,0.37888899212889404,0.37700319644845615,1.335
0.3765818694893311,0.3760691498017221,0.374137016611598,1.34
0.3734816773791563,0.3732648013067827,0.37128690348189747,1.345
0.370399539995222,0.3704759672024385,0.3684528758077467,1.35
0.36733549194793497,0.3677026652800203,0.36563494951081704,1.355
0.36428956425922854,0.3649449106306234,0.36283313775446585,1.36
0.36126178444293083,0.36220271571061474,0.3600474510107382,1.365
0.3582521765838017,0.3594760904058808,0.35727789712616165,1.37
0.355260761415298,0.35676504209484955,0.35452448138627124,1.375
0.35228755639600673,0.3540695757103466,0.3517872065789021,1.3800000000000001
0.3493325757848143,0.35138969380019425,0.34906607305625403,1.385
0.34639583071486285,0.3487253965867069,0.3463610787958204,1.3900000000000001
0.3434773292661944,0.34607668202501557,0.3436722194600943,1.395
0.3405770765372109,0.3434435458602674,0.3409994884551396,1.4000000000000001
0.3376950747149257,0.3408259816837119,0.3383428769880469,1.405
0.3348313231440087,0.33822398098770373,0.3357023741232746,1.41
0.3319858183946509,0.335637533219639,0.3330779668378754,1.415
0.32915855432928703,0.3330666258348465,0.33046964007565344,1.42
0.32634952216815993,0.3305112443483937,0.32787737680033197,1.425
0.32355871055373414,0.32797137238597324,0.32530115804755383,1.43
0.3207861056140225,0.3254469917336946,0.3227409629759899,1.435
0.3180316910248228,0.32293808238691535,0.32019676891735827,1.44
0.31529544807080084,0.3204446225981923,0.31766855142552985,1.445
0.31257735570561657,0.3179665889241611,0.315156284324587,1.45
0.3098773906108435,0.3155039562715368,0.31265993975599643,1.455
0.3071955272540237,0.3130566979422582,0.31017948822483,1.46
0.3045317379455371,0.3106247856776296,0.30771489864503804,1.465
0.3018859928945592,0.30820818970164654,0.30526613838385297,1.47
0.2992582602639781,0.3058068787634422,0.3028331733053166,1.475
0.2966485062243575,0.30342082017883937,0.3004159678128761,1.48
0.29405669500688963,0.30104997987117915,0.2980144848912198,1.485
0.29148278895542024,0.2986943224111558,0.2956286861471614,1.49
0.28892674857755535,0.29635381105601466,0.29325853184979894,1.495
0.28638853259478436,0.29402840778782224,0.2909039809698014,1.5
0.2838680979917166,0.2917180733510618,0.2885649912179186,1.5050000000000001
0.28136540006444166,0.28942276728938054,0.2862415190827046,1.51
0.27888039246795826,0.2871424479816374,0.28393351986748744,1.5150000000000001
0.2764130272627826,0.284877072677199,0.28164094772656845,1.52
0.27396325496059915,0.28262659753050284,0.27936375570065625,1.5250000000000001
0.27153102456919825,0.2803909776349098,0.27710189575166505,1.53
0.2691162836364607,0.2781701670558808,0.2748553187966559,1.5350000000000001
0.2667189782935748,0.27596411886341826,0.2726239747412277,1.54
0.26433905329744556,0.273772785163907,0.27040781251209245,1.545
0.2619764520722633,0.2715961171312,0.26820678008905613,1.55
0.2596311167503484,0.2694340650371545,0.26602082453628745,1.555
0.25730298821215475,0.2672865782814601,0.26384989203298503,1.56
0.2549920061255696,0.2651536054208541,0.26169392790333257,1.565
0.25269810898440986,0.26303509419774146,0.2595528766458879,1.57
0.2504212341462393,0.26093099156821764,0.2574266819623306,1.575
0.24816131786938703,0.2588412437294584,0.25531528678560317,1.58
0.24591829534931492,0.2567657961465564,0.25321863330744454,1.585
0.243692100754231,0.2547045935788,0.2511366630053792,1.59
0.2414826672600297,0.25265758010536216,0.24906931666909116,1.595
0.23928992708456676,0.25062469915046154,0.24701653442624147,1.6
0.23711381152121583,0.24860589350797282,0.24497825576777632,1.605
0.2349542509718018,0.24660110536551472,0.2429544195726151,1.61
0.23281117497887785,0.24461027632800758,0.24094496413189093,1.615
0.23068451225732528,0.2426333474407489,0.23894982717259938,1.62
0.22857419072537333,0.24067025921194454,0.23696894588079387,1.625
0.22648013753496568,0.23872095163477072,0.23500225692420232,1.6300000000000001
0.22440227910152896,0.23678536420899454,0.2330496964744346,1.635
0.22234054113311832,0.2348634359620324,0.23111120022866563,1.6400000000000001
0.22029484865901885,0.2329551054696509,0.22918670343081157,1.645
0.21826512605769322,0.23106031087609027,0.22727614089230916,1.6500000000000001
0.216251297084239,0.22917898991387148,0.2253794470123513,1.655
0.21425328489722117,0.22731107992306152,0.22349655579778674,1.6600000000000001
0.21227101208496896,0.22545651787017432,0.2216274008824442,1.665
0.21030440069133607,0.22361524036659944,0.21977191554613754,1.67
0.2083533722409216,0.22178718368666706,0.2179300327331895,1.675
0.2064178477637476,0.21997228378526357,0.21610168507054037,1.68
0.2044977478194574,0.21817047631508346,0.21428680488547563,1.685
0.20259299252094612,0.21638169664344678,0.21248532422291042,1.69
0.2007035015575442,0.21460587986879545,0.2106971748623391,1.695
0.19882919421767045,0.21284296083675142,0.20892228833434012,1.7
0.19696998941104374,0.2110928741558553,0.20716059593672728,1.705
0.1951258056903447,0.2093555542129031,0.20541202875034645,1.71
0.19329656127250341,0.20763093518796324,0.20367651765447733,1.715
0.19148217405942766,0.2059189510690075,0.20195399334190084,1.72
0.1896825616583631,0.20421953566624013,0.20024438633359257,1.725
0.187897641401761,0.20253262262607957,0.19854762699310316,1.73
0.18612733036671544,0.20085814544478395,0.19686364554057792,1.735
0.18437154539397616,0.19919603748179238,0.19519237206645637,1.74
0.18263020310652933,0.1975462319727367,0.1935337365448282,1.745
0.18090321992779432,0.19590866204212884,0.19188766884650896,1.75
0.1791905120993542,0.19428326071579247,0.19025409875177238,1.7550000000000001
0.1774919956983352,0.19266996093289582,0.18863295596276952,1.76
0.1758075866543737,0.1910686955578483,0.18702417011569808,1.7650000000000001
0.17413720076619563,0.1894793973917433,0.18542767079260433,1.77
0.17248075371780155,0.18790199918363887,0.1838433875329706,1.7750000000000001
0.17083816109431701,0.1863364336415164,0.18227124984495266,1.78
0.16920933839741945,0.18478263344297846,0.18071118721639567,1.7850000000000001
0.1675942010604582,0.18324053124566625,0.17916312912554042,1.79
0.1659926644631667,0.18171005969745163,0.17762700505148188,1.795
0.1644046439460799,0.1801911514463414,0.17610274448434843,1.8
0.1628300548245733,0.17868373915014651,0.1745902769352645,1.805
0.16126881240255495,0.17718775548590948,0.17308953194599677,1.81
0.1597208319858847,0.17570313315909036,0.17160043909841502,1.815
0.1581860288953896,0.1742298049125164,0.17012292802368517,1.82
0.15666431847963183,0.17276770353509718,0.16865692841121288,1.825
0.15515561612731255,0.17131676187031653,0.1672023700173879,1.83
0.15365983727939644,0.16987691282451967,0.1657591826740693,1.835
0.1521768974409257,0.16844808937495803,0.1643272962968612,1.84
0.15070671219253326,0.16703022457763492,0.16290664089317966,1.845
0.14924919720167873,0.16562325157493887,0.161497146570078,1.85
0.14780426823357493,0.16422710360308782,0.16009874354189318,1.855
0.14637184116185006,0.162841713999346,0.15871136213766263,1.86
0.1449518319789402,0.16146701620907467,0.15733493280835115,1.865
0.14354415680619287,0.16010294379255965,0.15596938613387507,1.87
0.14214873190371996,0.15874943043169218,0.1546146528299418,1.875
0.14076547367997655,0.15740640993641164,0.15327066375467716,1.8800000000000001
0.13939429870110387,0.15607381625102246,0.15193734991509675,1.885
0.13803512369999577,0.15475158346029413,0.15061464247337464,1.8900000000000001
0.13668786558513618,0.15343964579541072,0.14930247275293615,1.895
0.1353524414491917,0.15213793763974107,0.14800077224437144,1.9000000000000001
0.13402876857736237,0.15084639353443374,0.1467094726112028,1.905
0.13271676445551212,0.14956494818387867,0.14542850569544782,1.9100000000000001
0.1314163467780345,0.14829353646097984,0.14415780352304564,1.915
0.1301274334555532,0.14703209341227924,0.14289729830909917,1.92
0.12884994262234348,0.14578055426293815,0.14164692246298735,1.925
0.127583792643576,0.14453885442155387,0.14040660859329485,1.93
0.12632890212233436,0.14330692948484566,0.1391762895126074,1.935
0.125085189906422,0.14208471524217045,0.13795589824215143,1.94
0.1238525750949824,0.1408721476799466,0.1367453680162941,1.945
0.12263097704489632,0.13966916298586532,0.13554463228688832,1.95
0.12142031537699387,0.13847569755305314,0.13435362472749857,1.955
0.12022050998207705,0.13729168798402994,0.13317227923747346,1.96
0.1190314810267645,0.13611707109457685,0.13200052994588518,1.965
0.11785314895910799,0.13495178391747178,0.13083831121535333,1.97
0.11668543451409273,0.13379576370608692,0.12968555764571568,1.975
0.11552825871889727,0.13264894793787482,0.12854220407759945,1.98
0.11438154289802589,0.1315112743177477,0.12740818559585587,1.985
0.11324520867823798,0.130382680781309,0.1262834375328714,1.99
0.11211917799333203,0.12926310549800482,0.12516789547176824,1.995
0.11100337308875677,0.12815248687413283,0.12406149524949003,2.0
0.10989771652605584,0.12705076355578251,0.12296417295977019,2.005
0.10880213118717035,0.12595787443161402,0.12187586495598714,2.0100000000000002
0.1077165402785684,0.12487375863558081,0.12079650785392412,2.015
0.10664086733524461,0.12379835554952517,0.11972603853441115,2.02
0.10557503622454092,0.12273160480568987,0.11866439414586384,2.025
0.10451897114985452,0.12167344628910218,0.11761151210673552,2.0300000000000002
0.10347259665419734,0.12062382013989625,0.11656733010784388,2.035
0.10243583762358005,0.119582666755521,0.11553178611462218,2.04
0.10140861929032072,0.11854992679287527,0.1145048183692766,2.045
0.10039086723616772,0.11752554117031927,0.11348636539283755,2.05
0.09938250739530928,0.11650945106963403,0.1124763659871176,2.055
0.09838346605726757,0.11550159793788047,0.11147475923660799,2.06
0.09739366986965196,0.1145019234891681,0.11048148451025006,2.065
0.09641304584079687,0.1135103697063504,0.10949648146315327,2.07
0.09544152134226204,0.1125268788426371,0.10851969003821524,2.075
0.09447902411124975,0.11155139342313397,0.10755105046765424,2.08
0.09352548225287227,0.11058385624629237,0.10659050327449321,2.085
0.0925808242423212,0.10962421038529557,0.10563798927391298,2.09
0.09164497892693058,0.10867239918937124,0.10469344957458945,2.095
0.09071787552812431,0.10772836628501918,0.1037568255799112,2.1
0.08979944364326006,0.10679205557719278,0.10282805898914167,2.105
0.08888961324736742,0.10586341125038434,0.10190709179852138,2.11
0.08798831469479554,0.10494237776966657,0.10099386630227351,2.115
0.08709547872074158,0.10402889988165302,0.10008832509356902,2.12
0.08621103644270862,0.10312292261541117,0.09919041106541032,2.125
0.08533491936184344,0.10222439128328219,0.09830006741145167,2.13
0.08446705936419581,0.1013332514816848,0.09741723762676234,2.1350000000000002
0.08360738872188228,0.10044944909182027,0.09654186550852276,2.14
0.08275584009417401,0.09957293028033776,0.09567389515666212,2.145
0.08191234652847644,0.0987036414999379,0.0948132709744375,2.15
0.08107684146124036,0.0978415294899249,0.09395993766895264,2.1550000000000002
0.0802492587187812,0.09698654127669835,0.09311384025162754,2.16
0.07942953251803155,0.09613862417419601,0.09227492403860386,2.165
0.07861759746719317,0.09529772578428994,0.0914431346511039,2.17
0.07781338856633528,0.09446379399711759,0.09061841801573801,2.1750000000000003
0.07701684120789633,0.09363677699137656,0.08980072036475115,2.18
0.07622789117713166,0.09281662323457573,0.08898998823622944,2.185
0.07544647465247074,0.09200328148321563,0.08818616847425963,2.19
0.07467252820582312,0.09119670078295401,0.08738920822903182,2.195
0.0739059888027968,0.09039683046869745,0.08659905495690076,2.2
0.07314679380286472,0.08960362016468158,0.08581565642040671,2.205
0.07239488095945963,0.08881701978447054,0.08503896068824324,2.21
0.07165018842000657,0.08803697953094879,0.0842689161351881,2.215
0.07091265472589392,0.08726344989625857,0.08350547144199368,2.22
0.07018221881237839,0.08649638166169754,0.08274857559523038,2.225
0.06945882000844122,0.08573572589757178,0.08199817788709474,2.23
0.06874239803657954,0.08498143396302903,0.08125422791518104,2.235
0.06803289301253791,0.08423345750584296,0.08051667558220765,2.24
0.06733024544500267,0.08349174846215907,0.07978547109571352,2.245
0.06663439623521633,0.08275625905622026,0.07906056496771449,2.25
0.06594528667656077,0.08202694180004144,0.07834190801433204,2.255
0.06526285845408704,0.08130374949306712,0.07762945135537712,2.2600000000000002
0.06458705364398343,0.08058663522178305,0.07692314641390531,2.265
0.06391781471301496,0.07987555235930771,0.0762229449157477,2.27
0.06325508451789214,0.07917045456495138,0.07552879888899991,2.275
0.0625988063046163,0.07847129578373667,0.07484066066348284,2.2800000000000002
0.06194892370777315,0.07777803024590813,0.07415848287017407,2.285
0.06130538074977132,0.07709061246639043,0.07348221844062039,2.29
0.060668121840059826,0.07640899724424631,0.07281182060630735,2.295
0.06003709177428686,0.07573313966208105,0.07214724289800174,2.3000000000000003
0.05941223573342792,0.07506299508544753,0.0714884391450856,2.305
0.05879349928287801,0.07439851916220283,0.07083536347484837,2.31
0.05818082837149203,0.07373966782185856,0.07018797031175036,2.315
0.05757416933060788,0.07308639727489336,0.06954621437668008,2.32
0.05697346887302038,0.07243866401205867,0.06891005068617477,2.325
0.056378674091924104,0.07179642480364956,0.06827943455161717,2.33
0.05578973245982882,0.07115963669875455,0.0676543215784143,2.335
0.05520659182742846,0.07052825702449265,0.06703466766516072,2.34
0.05462920042245758,0.06990224338522279,0.06642042900276485,2.345
0.05405750684850411,0.06928155366173881,0.06581156207356999,2.35
0.05349146008378951,0.06866614601044312,0.06520802365045093,2.355
0.05293100947994414,0.0680559788624955,0.0646097707958848,2.36
0.05237610476070991,0.06745101092295976,0.06401676086101452,2.365
0.05182669602067517,0.06685120116991641,0.06342895148468838,2.37
0.05128273372392743,0.06625650885356894,0.06284630059248102,2.375
0.050744168702717515,0.06566689349533321,0.062268766395700094,2.38
0.05021095215608467,0.06508231488690142,0.061696307390381004,2.3850000000000002
0.049683035648462534,0.06450273308930583,0.06112888235625106,2.39
0.04916037110825723,0.06392810843195672,0.06056645035570271,2.395
0.04864291082641163,0.06335840151167062,0.06000897073272462,2.4
0.04813060745493761,0.06279357319167961,0.05945640311184101,2.4050000000000002
0.04762341400544364,0.06223358460064347,0.05890870739702687,2.41
0.047121283847622444,0.0616783971316212,0.05836584377061033,2.415
0.04662417070773614,0.06112797244106111,0.05782777269216424,2.42
0.04613202866708117,0.060582272447754944,0.057294454897384405,2.4250000000000003
0.045644812160419414,0.0600412593317949,0.05676585139696456,2.43
0.045162475974419865,0.059504895533511,0.056241923475438015,2.435
0.04468497524605576,0.05897314375240653,0.05572263269003831,2.44
0.04421226546100622,0.05844596694607625,0.0552079408695218,2.445
0.04374430245203523,0.057923328329115197,0.054697810113001205,2.45
0.0432810423973564,0.05740519137202011,0.05419220278875464,2.455
0.04282244181898166,0.05689151980008838,0.053691081533037005,2.46
0.04236845758106289,0.056382277592293105,0.05319440924887373,2.465
0.04191904688821815,0.05587742898016582,0.052702149104848946,2.47
0.041474167283840235,0.055376938446659384,0.05221426453389318,2.475
0.04103377664840506,0.05488077072501172,0.05173071923204526,2.48
0.04059783319775681,0.05438889079759487,0.051251477157229566,2.485
0.040166295481395775,0.053901263894769076,0.05077650252800695,2.49
0.0397391223807456,0.05341785549370867,0.0503057598223332,2.495
0.03931627310740793,0.052938631317253626,0.04983921377629644,2.5
0.038897707201432645,0.052463557332721816,0.049376829382870094,2.505
0.038483384529544924,0.05199259975073947,0.04891857189063467,2.5100000000000002
0.038073265283387586,0.05152572502405276,0.04846440680251452,2.515
0.03766730997775463,0.051062899846346405,0.04801429987450019,2.52
0.03726547944880955,0.050604091151047144,0.0475682171143671,2.525
0.036867734852300424,0.05014926611012418,0.047126124780391965,2.5300000000000002
0.03647403766177,0.04969839213288995,0.04668798938006282,2.535
0.03608434966676042,0.04925143686479922,0.0462537776687858,2.54
0.03569863297101141,0.04880836818623372,0.04582345664858992,2.545
0.035316849990652856,0.048369154211292474,0.045396993566827124,2.5500000000000003
0.03493896345239878,0.04793376328657587,0.04497435591486829,2.555
0.034564936391723845,0.04750216398997493,0.04455551142679976,2.56
0.03419473215105733,0.04707432512943899,0.04414042807811302,2.565
0.03382831437794849,0.046650215741756734,0.04372907408439577,2.57
0.03346564702325311,0.0462298050913384,0.04332141790001996,2.575
0.03310669433930136,0.04581306266897892,0.042917428216826814,2.58
0.03275142087806727,0.04539995819063523,0.04251707396280971,2.585
0.03239979148933951,0.044990461596191245,0.04212032430080125,2.59
0.032051771318890886,0.04458454304823067,0.04172714862714827,2.595
0.03170732580664269,0.04418217293080433,0.04133751657040124,2.6
0.031366420684827596,0.04378332184819221,0.04095139798998648,2.605
0.031029021976157273,0.0433879606236731,0.040568762974890246,2.61
0.03069509599198821,0.042996060298291415,0.040189581842336126,2.615
0.030364609330479953,0.042607592129615235,0.039813825136464163,2.62
0.030037528874768623,0.04222252759050993,0.03944146362701224,2.625
0.029713821791122717,0.04184083836789696,0.039072468307992235,2.63
0.029393455527117248,0.04146249636152152,0.03870681039637349,2.6350000000000002
0.02907639780979851,0.04108747368271806,0.03834446133075721,2.64
0.02876261664384761,0.04071574265317279,0.037985392770064845,2.645
0.028452080309759337,0.04034727580369618,0.03762957659221598,2.65
0.028144757362008672,0.039982045872987836,0.0372769848928127,2.6550000000000002
0.027840616627222342,0.03962002580640374,0.036927589983822305,2.66
0.027539627202367866,0.03926118875472575,0.03658136439226585,2.665
0.027241758452914797,0.03890550807293684,0.03623828085890423,2.67
0.026946980011031012,0.038552957318988265,0.03589831233692755,2.6750000000000003
0.02665526177376185,0.038203510252578614,0.0355614319906448,2.68
0.02636657390121885,0.03785714083392314,0.035227613194178026,2.685
0.02608088681477026,0.03751382322253769,0.03489682953015754,2.69
0.025798171195236863,0.03717353177601465,0.034569054788417576,2.695
0.025518397981095654,0.03683624104880501,0.03424426296469987,2.7
0.025241538366671114,0.0365019257910043,0.03392242825934808,2.705
0.02496756380035756,0.03617056094713353,0.033603525076022864,2.71
0.024696445982815365,0.035842121654931634,0.033287528020398055,2.715
0.024428156865200924,0.035516583244146686,0.03297441189888155,2.72
0.024162668647376533,0.035193921235328565,0.032664151717321205,2.725
0.023899953776143335,0.03487411133862089,0.032356722679724614,2.73
0.023639984943465756,0.03455712945256909,0.032052100186976844,2.735
0.023382735084712253,0.034242951662915064,0.03175025983556472,2.74
0.023128177376895515,0.03393155424140628,0.03145117741630116,2.745
0.022876285236916052,0.03362291364460105,0.031154828913058166,2.75
0.022627032319818424,0.03331700651268183,0.030861190501494308,2.755
0.022380392517045627,0.033013809668270694,0.030570238547797928,2.7600000000000002
0.022136339954704244,0.03271330011524544,0.030281949607423354,2.765
0.02189484899183483,0.032415455037562164,0.029996300423835394,2.77
0.021655894218688607,0.03212025179808004,0.029713267927260208,2.775
0.02141945045500612,0.03182766793738978,0.02943282923343747,2.7800000000000002
0.021185492748309637,0.03153768117264791,0.0291549616423715,2.785
0.02095399637219554,0.03125026939640802,0.028879642637098458,2.79
0.020724936824636362,0.030965410675469776,0.028606849882447438,2.795
0.020498289826290685,0.030683083249711706,0.028336561223809655,2.8000000000000003
0.020274031318816037,0.030403265530945866,0.028068754685913036,2.805
0.020052137463191122,0.030125936101770844,0.027803408471597603,2.81
0.019832584638045457,0.029851073714421285,0.027540500960599706,2.815
0.019615349437996043,0.029578657289633794,0.027280010708340265,2.82
0.019400408671986176,0.0293086659155104,0.027021916444710248,2.825
0.019187739361643395,0.029041078846384027,0.026766197072873123,2.83
0.018977318739628265,0.02877587550169267,0.02651283166806107,2.835
0.018769124248005465,0.02851303546485984,0.026261799476384035,2.84
0.018563133536614415,0.028252538482170613,0.02601307991363682,2.845
0.01835932446144834,0.027994364461663004,0.025766652564115894,2.85
0.018157675083044167,0.027738493472014084,0.02552249717944028,2.855
0.017958163664874086,0.027484905741438075,0.025280593677373533,2.86
0.017760768671752195,0.02723358165658536,0.02504092214065643,2.865
0.017565468768243386,0.026984501761445217,0.024803462815843256,2.87
0.01737224281708297,0.026737646756258546,0.02456819611213649,2.875
0.017181069877600996,0.026492997496426272,0.024335102600238842,2.88
0.016991929204159095,0.02625053499143322,0.024104163011198318,2.8850000000000002
0.016804800244593063,0.02601024040376682,0.023875358235266632,2.89
0.016619662638660014,0.0257720950478486,0.02364866932076024,2.895
0.016436496216502162,0.025536080388966903,0.023424077472924833,2.9
0.01625528099710802,0.025302178042208943,0.023201564052808193,2.9050000000000002
0.01607599718679128,0.025070369771413244,0.022981110576135135,2.91
0.015898625177675645,0.024840637488106686,0.02276269871219268,2.915
0.015723145546176202,0.024612963250466212,0.022546310282714876,2.92
0.015549539051514034,0.024387329262271447,0.022331927260776954,2.9250000000000003
0.015377786634209868,0.024163717871864856,0.022119531769692655,2.93
0.015207869414611804,0.023942111571127224,0.021909106081918935,2.935
0.015039768691410625,0.02372249299444231,0.02170063261796459,2.94
0.014873465940182736,0.02350484491767828,0.02149409394530718,2.945
0.014708942811920447,0.023289150257170686,0.021289472777308725,2.95
0.014546181131591805,0.023075392068708876,0.02108675197214597,2.955
0.01438516289669284,0.0228635535465283,0.02088591453173923,2.96
0.014225870275817457,0.02265361802231117,0.020686943600690916,2.965
0.014068285607231163,0.02244556896418677,0.020489822465225307,2.97
0.013912391397456168,0.022239389975741836,0.02029453455213992,2.975
0.013758170319862484,0.022035064795034594,0.020101063427757353,2.98
0.013605605213270831,0.021832577293610066,0.019909392796883554,2.985
0.01345467908056009,0.02163191147552802,0.019719506501776268,2.99
0.013305375087286686,0.021433051476389253,0.019531388521111328,2.995
0.013157676560308699,0.021235981562370197,0.019345022968961383,3.0
0.01301156698642519,0.021040686129264543,0.019160394093776196,3.005
0.012867030011016486,0.02084714970152598,0.018977486277372918,3.0100000000000002
0.012724049436697209,0.020655356931317127,0.01879628403392455,3.015
0.012582609221978737,0.02046529259756979,0.018616772008963913,3.02
0.01244269347993588,0.020276941605037895,0.018438934978383385,3.025
0.012304286476886557,0.020090288983369314,0.018262757847447693,3.0300000000000002
0.012167372631077512,0.01990531988617505,0.018088225649809653,3.035
0.012031936511381472,0.0197220195901034,0.017915323546530172,3.04
0.011897962835996746,0.01954037349392304,0.017744036825105492,3.045
0.011765436471163479,0.019360367117610064,0.017574350898502886,3.0500000000000003
0.011634342429879797,0.019181986101440188,0.01740625130419486,3.055
0.011504665870637906,0.0190052162050812,0.017239723703204455,3.06
0.011376392096153673,0.01883004330670316,0.01707475387915736,3.065
0.011249506552117965,0.01865645340207877,0.016911327737334846,3.0700000000000003
0.011123994825950704,0.01848443260370195,0.016749431303734918,3.075
0.010999842645562755,0.018313967139900186,0.01658905072414024,3.08
0.010877035878127338,0.01814504335396279,0.01643017226318924,3.085
0.010755560528863587,0.01797764770326681,0.01627278230345532,3.09
0.010635402739818159,0.017811766758410518,0.016116867344529114,3.095
0.010516548788668992,0.017647387202354044,0.01596241400210751,3.1
0.010398985087527735,0.017484495829561235,0.01580940900709089,3.105
0.010282698181753418,0.017323079545150354,0.015657839204680633,3.11
0.010167674748772842,0.017163125364049236,0.01550769155348658,3.115
0.01005390159691512,0.01700462041015392,0.015358953124638513,3.12
0.00994136566424527,0.01684755191549124,0.015211611100902406,3.125
0.009830054017416202,0.01669190721939413,0.015065652775804995,3.13
0.009719953850519748,0.01653767376767089,0.014921065552759932,3.1350000000000002
0.00961105248395056,0.01638483911178996,0.014777836944203185,3.14
0.009503337363281001,0.016233390908062136,0.014635954570730959,3.145
0.009396796058138814,0.016083316916833637,0.01449540616024606,3.15
0.009291416261092162,0.015934605001679477,0.014356179547107328,3.1550000000000002
0.009187185786551727,0.015787243128604894,0.01421826267128545,3.16
0.009084092569670917,0.015641219365252257,0.014081643577523678,3.165
0.00898212466525821,0.015496521880109339,0.013946310414506027,3.17
0.008881270246698927,0.015353138941727417,0.013812251434028408,3.1750000000000003
0.008781517604883663,0.015211058917941639,0.013679454990176669,3.18
0.008682855147142739,0.015070270275095991,0.01354790953850867,3.185
0.008585271396193602,0.014930761577275322,0.013417603635244562,3.19
0.008488754989088909,0.014792521485540167,0.013288525936458734,3.1950000000000003
0.008393294676181698,0.014655538757168428,0.013160665197279754,3.2
0.008298879320089225,0.01451980224490137,0.013034010271094841,3.205
0.008205497894670155,0.014385300896192775,0.012908550108759539,3.21
0.008113139484009295,0.014252023752467615,0.012784273757812811,3.215
0.008021793281408953,0.01411995994837933,0.012661170361698306,3.22
0.007931448588385884,0.013989098711078535,0.01253922915898807,3.225
0.00784209481368108,0.013859429359480098,0.012418439482615399,3.23
0.007753721472271193,0.013730941303541588,0.012298790759109961,3.235
0.00766631818439398,0.013603624043541035,0.012180272507839972,3.24
0.007579874674577369,0.013477467169362902,0.012062874340257908,3.245
0.007494380770674417,0.013352460359788362,0.011946585959152574,3.25
0.007409826402911414,0.013228593381787355,0.011831397157906409,3.255
0.0073262016029363485,0.013105856089822373,0.011717297819756665,3.2600000000000002
0.007243496502885028,0.012984238425147284,0.011604277917063833,3.265
0.007161701334440762,0.01286373041512032,0.01149232751058217,3.27
0.007080806427915635,0.012744322172515213,0.01138143674873911,3.275
0.007000802211327789,0.012626003894840566,0.011271595866915674,3.2800000000000002
0.006921679209493181,0.012508765863662149,0.011162795186734974,3.285
0.0068434280431235416,0.01239259844392987,0.01105502511535439,3.29
0.006766039427925452,0.012277492083312748,0.010948276144762946,3.295
0.006689504173716556,0.012163437311531654,0.010842538851083414,3.3000000000000003
0.00661381318353981,0.012050424739704583,0.010737803893880344,3.305
0.006538957452791719,0.01193844505968882,0.010634062015471507,3.31
0.006464928068354258,0.011827489043435922,0.010531304040244932,3.315
0.006391716207732072,0.011717547542342591,0.010429520873982398,3.3200000000000003
0.006319313138201058,0.011608611486612196,0.01032870350318414,3.325
0.006247710215961852,0.011500671884621618,0.010228842994402429,3.33
0.006176898885299019,0.011393719822282955,0.01012993049357644,3.335
0.0061068706777499,0.01128774646242312,0.010031957225374888,3.34
0.00603761721127791,0.011182743044158913,0.009934914492541944,3.345
0.005969130189451465,0.011078700882277814,0.009838793675246756,3.35
0.005901401400635563,0.010975611366626113,0.009743586230440237,3.355
0.005834422717183814,0.010873465961499237,0.009649283691215248,3.36
0.005768186094640809,0.010772256205035318,0.009555877666170352,3.365
0.0057026835709470414,0.01067197370861664,0.009463359838780563,3.37
0.0056379072656579645,0.010572610156271303,0.009371721966771038,3.375
0.005573849379161149,0.010474157304082706,0.009280955881495552,3.38
0.0055105021919054,0.01037660697960204,0.00919105348732006,3.3850000000000002
0.005447858063635119,0.010279951081261585,0.00910200676101059,3.39
0.005385909432629475,0.010184181577799505,0.009013807751125699,3.395
0.005324648814949842,0.010089290507682815,0.008926448577413055,3.4
0.005264068803695083,0.00999526997853592,0.008839921430211587,3.4050000000000002
0.005204162068256898,0.009902112166574814,0.008754218569856193,3.41
0.005144921353590297,0.009809809316044204,0.0086693323260887,3.415
0.005086339479482942,0.009718353738658517,0.008585255097473033,3.42
0.005028409339832915,0.009627737813047233,0.00850197935081328,3.4250000000000003
0.00497112390193747,0.009537953984207101,0.008419497620577376,3.43
0.004914476205778253,0.009448994762950903,0.00833780250832533,3.435
0.004858459363322553,0.009360852725370555,0.008256886682140837,3.44
0.004803066557822999,0.00927352051229481,0.008176742876068233,3.4450000000000003
0.004748291043128884,0.009186990828756916,0.008097363889551878,3.45
0.00469412614299924,0.009101256443463466,0.008018742586882888,3.455
0.004640565250424726,0.00901631018826867,0.007940871896646306,3.46
0.004587601826953626,0.0089321449576509,0.007863744811176047,3.465
0.004535229402023568,0.008848753708194402,0.007787354386010714,3.47
0.0044834415723038696,0.008766129458075672,0.0077116937393569085,3.475
0.004432232001033312,0.008684265286550225,0.007636756051553363,3.48
0.004381594417375476,0.00860315433344814,0.007562534564541616,3.485
0.004331522615771884,0.008522789798668336,0.007489022581340169,3.49
0.004282010455303479,0.008443164941681578,0.0074162134655211594,3.495
0.004233051859057517,0.008364273081031673,0.007344100640693776,3.5
0.004184640813500488,0.008286107593847966,0.007272677589989231,3.505
0.0041367713678550815,0.008208661915351693,0.007201937855550273,3.5100000000000002
0.004089437633485171,0.008131929538375398,0.007131875038026869,3.515
0.0040426337832828434,0.008055904012879532,0.007062482796071936,3.52
0.003996354051064948,0.00798057894547786,0.006993754845844523,3.525
0.003950592730970986,0.007905947998960706,0.006925684960514237,3.5300000000000002
0.003905344176868433,0.007832004891827749,0.0068582669697714845,3.535
0.0038606028017653905,0.007758743397819694,0.006791494759340518,3.54
0.0038163630772228584,0.00768615734545635,0.006725362270496157,3.545
0.0037726195327784885,0.0076142406175751815,0.006659863499585227,3.5500000000000003
0.0037293667553704867,0.007542987150880201,0.006594992497550252,3.555
0.003686599388771041,0.007472390935483735,0.006530743369458927,3.56
0.003644312133021211,0.007402446014462949,0.006467110274035113,3.565
0.003602499743872578,0.007333146483409828,0.006404087423195593,3.5700000000000003
0.0035611570322340662,0.007264486489992641,0.006341669081588184,3.575
0.0035202788636243105,0.007196460233515688,0.006279849566135797,3.58
0.0034798601576255337,0.0071290619644845295,0.006218623245583399,3.585
0.0034398958873482566,0.007062285984173914,0.006157984540046267,3.59
0.003400381078895583,0.006996126644200037,0.006097927920567051,3.595
0.0033613108108349493,0.0069305783460948435,0.0060384479086692845,3.6
0.0033226802136727394,0.006865635540882963,0.005979539075922067,3.605
0.0032844844693382,0.006801292728666649,0.005921196043501339,3.61
0.003246718810666537,0.0067375444582072385,0.0058634134817599,3.615
0.003209378520889186,0.006674385326512493,0.005806186109797581,3.62
0.003172458933129549,0.006611809978432332,0.005749508695036395,3.625
0.003135955429902541,0.006549813106248259,0.005693376052798625,3.63
0.003099863442618143,0.006488389449273396,0.005637783045888266,3.6350000000000002
0.0030641784510903975,0.006427533793452899,0.005582724584176166,3.64
0.0030288959830514243,0.00636724097096739,0.00552819562418826,3.645
0.0029940116136679966,0.0063075058598400765,0.005474191168696887,3.65
0.0029595209650640315,0.006248323383547371,0.005420706266316137,3.6550000000000002
0.002925419705847795,0.006189688510629846,0.005367736011099707,3.66
0.0028917035506423262,0.006131596254311852,0.00531527554214196,3.665
0.0028583682596216927,0.00607404167211743,0.005263320043182849,3.67
0.002825409638049352,0.00601701986549439,0.005211864742216571,3.6750000000000003
0.0027928235358233816,0.005960525979438903,0.005160904911101195,3.68
0.0027606058470240466,0.005904555202125151,0.0051104358651733435,3.685
0.002728752509466589,0.0058491027645321755,0.005060452962866418,3.69
0.002697259504257939,0.0057941639400833226,0.005010951605329337,3.6950000000000003
0.0026661228553572086,0.005739734044280138,0.004961927236051745,3.7
0.0026353386291407873,0.0056858084343423924,0.004913375340489558,3.705
0.002604902933971104,0.005632382508852067,0.004865291445695334,3.71
0.002574811919770731,0.005579451707396609,0.004817671119950149,3.715
0.002545061777597859,0.0055270115102203435,0.0047705099724002185,3.72
0.002515648739229002,0.005475057437873834,0.004723803652695279,3.725
0.002486569076742282,0.005423585050866848,0.004677547850630067,3.73
0.0024578191021084315,0.005372589949329444,0.004631738295788925,3.735
0.002429395166781923,0.005322067772665754,0.004586370757193774,3.74
0.0024012936612981535,0.0052720141992208085,0.004541441042954425,3.745
0.0023735110148746926,0.005222424945943551,0.004496944999921575,3.75
0.0023460436950142943,0.005173295768054319,0.004452878513343887,3.755
0.002318888207114639,0.005124622458716056,0.004409237506525557,3.7600000000000002
0.002292041094078256,0.0050764008487079945,0.004366017940489941,3.765
0.0022654989359297516,0.005028626806098328,0.004323215813643052,3.77
0.0022392583494332276,0.004981296235927192,0.004280827161441536,3.775
0.0022133159877173987,0.0049344050798828375,0.004238848056062738,3.7800000000000002
0.0021876685399001214,0.0048879493159883205,0.004197274606077765,3.785
0.00216231273071843,0.00484192495828626,0.004156102956127268,3.79
0.002137245320163508,0.004796328056527462,0.004115329286599722,3.795
0.0021124631031165138,0.004751154695862669,0.004074949813312483,3.8000000000000003
0.002087962908989565,0.004706400996535287,0.004034960787196004,3.805
0.002063741601370029,0.004662063113579216,0.003995358493979597,3.81
0.0020397960776666973,0.004618137236514623,0.0039561392538807905,3.815
0.002016123268763093,0.004574619589051371,0.0039172994212968775,3.8200000000000003
0.0019927201386686216,0.004531506428792864,0.0038788353844994776,3.825
0.0019695836841788538,0.00448879404693956,0.0038407435653307065,3.83
0.00194671093453453,0.004446478768000121,0.003803020418903183,3.835
0.0019240989510869108,0.004404556949498693,0.0037656624333012785,3.84
0.0019017448269636446,0.0043630249816932155,0.003728666129286279,3.845
0.0018796456867418677,0.004321879287285019,0.0036920280600022024,3.85
0.0018577986861196016,0.004281116321140547,0.003655744810686255,3.855
0.0018362010115939213,0.004240732570009836,0.0036198129983796563,3.86
0.0018148498801408889,0.0042007245522502875,0.0035842292716430687,3.865
0.001793742538899179,0.004161088817549488,0.003548990310271622,3.87
0.0017728762648556563,0.00412182194665347,0.0035140928250154946,3.875
0.0017522483645358241,0.004082920551096347,0.0034795335573007944,3.88
0.0017318561736947137,0.004044381272929776,0.003445309278952776,3.8850000000000002
0.0017116970570146281,0.0040062007844588535,0.0034114167919229743,3.89
0.0016917684078012394,0.003968375787976859,0.0033778529280171694,3.895
0.001672067647686436,0.003930903015503059,0.0033446145486259954,3.9
0.0016525922263324838,0.0038937792285240764,0.003311698544458475,3.9050000000000002
0.00163333962113858,0.0038570012177348264,0.0032791018352772484,3.91
0.0016143073369513858,0.0038205658027844294,0.003246821369635751,3.915
0.0015954929057787797,0.003784469832022039,0.003214854124618739,3.92
0.0015768938865042105,0.0037487101822459203,0.0031831971055837497,3.9250000000000003
0.0015585078646060207,0.0037132837584535226,0.0031518473459059178,3.93
0.0015403324518793251,0.003678187493595418,0.003120801906724148,3.935
0.0015223652861589604,0.0036434183483299745,0.0030900578766895766,3.94
0.001504604031047259,0.003608973310780343,0.0030596123717170506,3.9450000000000003
0.0014870463756438482,0.0035748493962925922,0.003029462534737059,3.95
0.001469690034276401,0.0035410436471983277,0.0029996055354516576,3.955
0.001452532746237493,0.0035075531325764048,0.002970038570091216,3.96
0.001435572275520419,0.0034743749480191178,0.002940758861173884,3.9650000000000003
0.0014188064105605175,0.0034415062153974087,0.0029117636572667696,3.97
0.0014022329639773287,0.003408944082632857,0.0028830502327492373,3.975
0.0013858497723198305,0.0033766857234649376,0.0028546158875782167,3.98
0.0013696546958146842,0.0033447283372263752,0.002826457947056409,3.985
0.0013536456181159396,0.003313069148616285,0.0027985737616008192,3.99
0.001337820446058597,0.003281705407478362,0.0027709607065146756,3.995
0.0013221771094133012,0.003250634388577894,0.002743616181760603,4.0
0.0013067135606443828,0.003219853391382892,0.002716537611736559,4.005
0.0012914277746700154,0.0031893597398460365,0.00268972244505218,4.01
0.0012763177486243644,0.003159150782188623,0.002663168154309297,4.015
0.0012613815016234132,0.003129223890686878,0.0026368722358816737,4.0200000000000005
0.001246617074531418,0.0030995764614584215,0.002610832209699585,4.025
0.0012320225297304894,0.003070205914253331,0.0025850456190335885,4.03
0.0012175959508936133,0.003041109692244102,0.0025595100302819624,4.035
0.0012033354427579044,0.0030122852618190807,0.0025342230327591287,4.04
0.0011892391309012704,0.002983730112377197,0.002509182238486302,4.045
0.0011753051615215088,0.0029554417561242687,0.0024843852819838932,4.05
0.0011615317012169419,0.002927417727871449,0.0024598298200656384,4.055
0.0011479169367702793,0.0028996555848347567,0.002435513531634278,4.0600000000000005
0.0011344590749331007,0.0028721529064373325,0.002411434117479825,4.065
0.0011211563422140055,0.0028449072941116415,0.002387589300078509,4.07
0.001108006984667935,0.0028179163711057895,0.002363976823394319,4.075
0.001095009267688764,0.002791177782288741,0.0023405944526824884,4.08
0.0010821614758025461,0.002764689193959487,0.0023174399742930344,4.085
0.0010694619124640898,0.0027384482936564686,0.0022945111954782976,4.09
0.0010569088998540301,0.0027124527899693583,0.0022718059442005294,4.095
0.0010445007786806528,0.0026867004123520533,0.002249322068941898,4.1
0.001032235907980525,0.0026611889109375347,0.0022270574385157963,4.105
0.001020112664923716,0.0026359160563534183,0.0022050099418803844,4.11
0.0010081294446190022,0.0026108796395411522,0.0021831774879528636,4.115
0.0009962846599237617,0.002586077471573839,0.0021615580054261574,4.12
0.0009845767412519028,0.0025615073834785234,0.002140149442587031,4.125
0.0009730041363874009,0.002537167226057903,0.002118949767135462,4.13
0.0009615653102986978,0.0025130548697142904,0.002097956966006153,4.135
0.0009502587449523372,0.0024891682042752104,0.002077169045191037,4.14
0.0009390829391334197,0.002465505138821224,0.002056584029564234,4.1450000000000005
0.0009280364082634115,0.0024420636015128044,0.0020361999627068615,4.15
0.0009171176842224145,0.0024188415394217227,0.0020160149067357156,4.155
0.000906325315172274,0.0023958369183614088,0.0019960269421315244,4.16
0.0008956578653812137,0.0023730477227207163,0.0019762341675698407,4.165
0.0008851139150520634,0.002350471955297265,0.001956634699752525,4.17
0.0008746920601494447,0.002328107637133883,0.001937226673241859,4.175
0.0008643909122314714,0.00230595280735538,0.0019180082402948204,4.18
0.0008542090982804297,0.0022840055230073826,0.0018989775707003225,4.1850000000000005
0.000844145260538764,0.0022622638588954873,0.0018801328516162208,4.19
0.0008341980563427775,0.0022407259074275284,0.0018614722874095643,4.195
0.0008243661579611804,0.0022193897784557374,0.0018429940994964126,4.2
0.000814648252433104,0.0021982535991204857,0.0018246965261846345,4.205
0.0008050430414100553,0.0021773155136962092,0.001806577822517289,4.21
0.0007955492409970079,0.0021565736834377766,0.001788636260117515,4.215
0.0007861655815971368,0.0021360262864284192,0.0017708701270349567,4.22
0.0007768908077565827,0.0021156715174293394,0.001753277727593514,4.225
0.0007677236780125274,0.002095507587730175,0.0017358573822402537,4.23
0.0007586629647412752,0.0020755327250008915,0.001718607427395888,4.235
0.0007497074540088568,0.002055745173145123,0.0017015262153068937,4.24
0.0007408559454225365,0.0020361431921542207,0.0016846121138977418,4.245
0.0007321072519848713,0.0020167250579639093,0.0016678635066262066,4.25
0.0007234601999475756,0.0019974890623104353,0.0016512787923384363,4.255
0.0007149136286691607,0.0019784335125888077,0.0016348563851263007,4.26
0.0007064663904717363,0.001959556731712628,0.0016185947141855014,4.265
0.0006981173505011186,0.001940857057974923,0.0016024922236751785,4.2700000000000005
0.000689865386587704,0.0019223328449092657,0.0015865473725783482,4.275
0.0006817093891079126,0.00190398246115347,0.0015707586345645572,4.28
0.0006736482608489498,0.0018858042903139355,0.001555124497852912,4.285
0.0006656809168735589,0.0018677967308306559,0.0015396434650760881,4.29
0.0006578062843862723,0.001849958195844004,0.0015243140531468102,4.295
0.0006500233026020916,0.0018322871130627726,0.0015091347931244958,4.3
0.0006423309226149824,0.0018147819246331057,0.0014941042300833124,4.305
0.0006347281072692637,0.0017974410870079261,0.0014792209229814149,4.3100000000000005
0.000627213831031208,0.001780263070818863,0.0014644834445316274,4.315
0.0006197870798627448,0.001763246360748371,0.0014498903810730892,4.32
0.0006124468510958994,0.0017463894554031602,0.0014354403324439461,4.325
0.0006051921533091351,0.0017296908671885468,0.001421131911855435,4.33
0.0005980220062044075,0.0017131491221846597,0.0014069637457667704,4.335
0.0005909354404859606,0.001696762760022299,0.0013929344737616059,4.34
0.0005839314977401678,0.0016805303337618946,0.0013790427484255427,4.345
0.0005770092303166584,0.0016644504097710223,0.001365287235223933,4.3500000000000005
0.0005701677012106814,0.0016485215676057502,0.001351666612381987,4.355
0.0005634059839469514,0.0016327423998906319,0.0013381795707653674,4.36
0.0005567231624641573,0.00161711151220098,0.0013248248137616703,4.365
0.0005501183310014429,0.0016016275229462484,0.0013116010571634158,4.37
0.0005435905939854533,0.0015862890632536077,0.001298507029051761,4.375
0.0005371390659186843,0.0015710947768535015,0.0012855414696815526,4.38
0.0005307628712696151,0.001556043319965727,0.0012727031313669581,4.385
0.0005244611443629087,0.0015411333611862255,0.0012599907783691397,4.39
0.0005182330292717138,0.0015263635813754126,0.0012474031867833212,4.3950000000000005
0.0005120776797106153,0.0015117326735475274,0.0012349391444285485,4.4
0.0005059942589301806,0.0014972393427602037,0.0012225974507373465,4.405
0.0004999819396119978,0.001482882306005531,0.0012103769166470339,4.41
0.000494039903765077,0.0014686602921024654,0.0011982763644914226,4.415
0.00048816734262370574,0.0014545720415895125,0.001186294627893957,4.42
0.0004823634565458737,0.0014406163066186394,0.0011744305516619953,4.425
0.00047662745491298145,0.0014267918508500687,0.0011626829916810872,4.43
0.0004709585560310604,0.0014130974493479177,0.0011510508148115607,4.4350000000000005
0.00046535598703154133,0.0013995318884771958,0.001139532898784842,4.44
0.0004598189837754372,0.001386093965801101,0.001128128132101735,4.445
0.00045434679075622537,0.001372782489979335,0.0011168354139306383,4.45
0.0004489386610055901,0.0013595962806682161,0.0011056536540075758,4.455
0.00044359385599854954,0.0013465341684198208,0.0010945817725363806,4.46
0.00043831164556075425,0.001333594994584211,0.0010836187000907366,4.465
0.0004330913077770888,0.0013207776112105192,0.00107276337751597,4.47
0.0004279321288990964,0.0013080808809507916,0.0010620147558327276,4.4750000000000005
0.00042283340325657804,0.001295503676962884,0.0010513717961406898,4.48
0.0004177944331667365,0.0012830448828152485,0.0010408334695241194,4.485
0.0004128145288472706,0.001270703392393005,0.0010303987569572617,4.49
0.0004078930083289625,0.001258478109803344,0.001020066649211466,4.495
0.00040302919736836005,0.0012463679492828394,0.0010098361467626893,4.5
0.0003982224293633923,0.0012343718351061953,0.0009997062596996756,4.505
0.0003934720452685257,0.0012224887014935211,0.000989676007633647,4.51
0.00038877739351104627,0.0012107174925212794,0.0009797444196083366,4.515
0.0003841378299086753,0.0011990571620317315,0.0009699105340107303,4.5200000000000005
0.00037955271758729575,0.0011875066735446737,0.0009601733984830079,4.525
0.0003750214269007304,0.0011760650001688244,0.0009505320698351601,4.53
0.000370543335349558,0.001164731124514988,0.0009409856139581294,4.535
0.000366117827503238,0.0011535040386094063,0.0009315331057384007,4.54
0.0003617442949208541,0.0011423827438079071,0.0009221736289725441,4.545
0.0003574221360737167,0.0011313662507108746,0.0009129062762832062,4.55
0.00035315075626872797,0.001120453579079474,0.0009037301490355695,4.555
0.0003489295675728482,0.0011096437577516834,0.0008946443572545768,4.5600000000000005
0.00034475798873779385,0.001098935824559983,0.0008856480195432283,4.565
0.00034063544512547516,0.001088328826248763,0.000876740263001015,4.57
0.0003365613686349548,0.0010778218183937214,0.0008679202231438559,4.575
0.000332535197630299,0.0010674138653208774,0.0008591870438240658,4.58
0.00032855637686704644,0.0010571040400271861,0.0008505398771516962,4.585
0.00032462435742314867,0.0010468914241008103,0.000841977883415942,4.59
0.00032073859662719306,0.0010367751076431977,0.0008335002310080833,4.595
0.00031689855798941,0.0010267541891912679,0.0008251060963442637,4.6000000000000005
0.00031310371113288404,0.001016827775640544,0.0008167946637896169,4.605
0.0003093535317254317,0.0010069949821682083,0.0008085651255828369,4.61
0.00030564750141193013,0.0009972549321584981,0.0008004166817614735,4.615
0.00030198510774810433,0.0009876067571265843,0.000792348540087916,4.62
0.00029836584413464064,0.0009780495966452407,0.0007843599159762374,4.625
0.00029478920975170873,0.0009685825982706301,0.0007764500324193105,4.63
0.0002912547094946986,0.0009592049174696279,0.0007686181199169441,4.635
0.0002877618539105381,0.0009499157175470658,0.0007608634164046775,4.64
0.0002843101591342131,0.0009407141695747973,0.0007531851671830424,4.6450000000000005
0.00028089914682673033,0.0009315994523199978,0.0007455826248476448,4.65
0.00027752834411362695,0.0009225707521750787,0.0007380550492197074,4.655
0.0002741972835229398,0.0009136272630877896,0.000730601707277601,4.66
0.0002709055029260248,0.0009047681864921199,0.0007232218730884713,4.665
0.0002676525454769415,0.0008959927312397716,0.0007159148277411891,4.67
0.00026443795955377456,0.0008873001135325057,0.0007086798592793012,4.675
0.00026126129870013515,0.0008786895568543137,0.0007015162626349148,4.68
0.0002581221215671542,0.0008701602919050958,0.0006944233395632036,4.6850000000000005
0.0002550199918566084,0.0008617115565344818,0.0006874003985773611,4.69
0.0002519544782639996,0.0008533425956762402,0.0006804467548843582,4.695
0.00024892515442312397,0.000845052661283705,0.0006735617303210175,4.7
0.0002459315988501293,0.0008368410122648421,0.0006667446532911443,4.705
0.00024297339488912718,0.0008287069144189877,0.0006599948587026301,4.71
0.0002400501306582448,0.0008206496403735687,0.0006533116879057707,4.715
0.00023716139899546045,0.0008126684695211969,0.0006466944886315961,4.72
0.0002343067974063015,0.0008047626879580715,0.0006401426149313467,4.7250000000000005
0.00023148592801116005,0.0007969315884222315,0.0006336554271158224,4.73
0.00022869839749338697,0.0007891744702324128,0.0006272322916960309,4.735
0.00022594381704826288,0.0007814906392282257,0.0006208725813237264,4.74
0.0002232218023320147,0.0007738794077095947,0.0006145756747331239,4.745
0.00022053197341225512,0.0007663400943780785,0.0006083409566825892,4.75
0.00021787395471770137,0.0007588720242777491,0.0006021678178973249,4.755
0.00021524737498954975,0.0007514745287369751,0.0005960556550122045,4.76
0.0002126518672328658,0.0007441469453107384,0.0005900038705155714,4.765
0.0002100870686686919,0.0007368886177235267,0.0005840118726930661,4.7700000000000005
0.00020755262068652928,0.0007296988958124227,0.0005780790755724202,4.775
0.00020504816879732615,0.000722577135471197,0.0005722048988685931,4.78
0.00020257336258708013,0.0007155226985945185,0.00056638876792924,4.785
0.000200127855671397,0.0007085349530226086,0.0005606301136810265,4.79
0.00019771130564910264,0.0007016132724868648,0.0005549283725762784,4.795
0.0001953233740583976,0.0006947570365556848,0.0005492829865400868,4.8
0.00019296372633178531,0.0006879656305803418,0.0005436934029179098,4.805
0.00019063203175239432,0.0006812384456424725,0.000538159074423788,4.8100000000000005
0.00018832796341034368,0.0006745748785008348,0.0005326794590889638,4.815
0.0001860511981601857,0.0006679743315391156,0.0005272540202109746,4.82
0.00018380141657799615,0.0006614362127144639,0.0005218822263032537,4.825
0.00018157830291949708,0.0006549599355058033,0.0005165635510451485,4.83
0.00017938154507865926,0.0006485449188635802,0.0005112974732324789,4.835
0.00017721083454622644,0.0006421905871582449,0.000506083476728439,4.84
0.0001750658663694678,0.0006358963701319839,0.0005009210504153509,4.845
0.00017294633911179325,0.0006296617028475129,0.0004958096881461009,4.8500000000000005
0.0001708519548128657,0.0006234860256405616,0.0004907488886969169,4.855
0.00016878241894951784,0.0006173687840699355,0.00048573815571989384,4.86
0.00016673744039680317,0.0006113094288710001,0.00048077699769647245,4.865
0.00016471673138940867,0.0006053074159060757,0.0004758649278908862,4.87
0.00016272000748378636,0.0005993622061186866,0.00047100146430457664,4.875
0.00016074698752042594,0.0005934732654861009,0.00046618612963038694,4.88
0.0001587973935867125,0.0005876400649728599,0.000461418451207882,4.885
0.0001568709509801153,0.0005818620804850051,0.0004566979609785862,4.89
0.00015496738817179098,0.0005761387928243651,0.00045202419544186585,4.8950000000000005
0.00015308643677071438,0.0005704696876434952,0.0004473966956110755,4.9
0.00015122783148802693,0.0005648542554008117,0.00044281500697040423,4.905
0.00014939131010167008,0.0005592919913163049,0.00043827867943179154,4.91
0.00014757661342199198,0.0005537823953277082,0.0004337872672923883,4.915
0.00014578348525687006,0.0005483249720466182,0.00042934032919249185,4.92
0.0001440116723782621,0.0005429192307157677,0.00042493742807390517,4.925
0.00014226092448774928,0.0005375646851658994,0.00042057813113834114,4.93
0.00014053099418423416,0.0005322608537735348,0.0004162620098067668,4.9350000000000005
0.0001388216369300214,0.0005270072594194235,0.0004119886396786388,4.94
0.00013713261101917546,0.0005218034294462743,0.00040775760049171524,4.945
0.00013546367754465038,0.0005166488956174749,0.0004035684760824869,4.95
0.00013381460036684636,0.0005115431940772186,0.0003994208543465119,4.955
0.00013218514608207062,0.0005064858653090369,0.00039531432719945044,4.96
0.00013057508399134124,0.0005014764540959173,0.0003912484905384378,4.965
0.0001289841860696608,0.0004965145094809625,0.00038722294420364295,4.97
0.0001274122269354271,0.0004915995847278198,0.0003832372919404651,4.9750000000000005
0.00012585898382079614,0.00048673123728109523,0.0003792911413618426,4.98
0.00012432423654116227,0.00048190902872869215,0.0003753841039110988,4.985
0.0001228077674666986,0.0004771325247627233,0.00037151579482486955,4.99
0.00012130936149215548,0.00047240129514201543,0.00036768583309680045,4.995
0.00011982880600912188,0.0004677149136539365,0.0003638938414412969,5.0
0.00011836589087682623,0.0004630729580779537,0.0003601394462575492,5.005
0.00011692040839439271,0.0004584750101478066,0.0003564222775941231,5.01
0.00011549215327281601,0.0004539206555157221,0.0003527419691138392,5.015
0.00011408092260757932,0.0004494094837155296,0.0003490981580588353,5.0200000000000005
0.00011268651585130034,0.0004449410881270399,0.00034549048521611257,5.025
0.00011130873478690692,0.0004405150659402348,0.00034191859488335495,5.03
0.0001099473835012145,0.0004361310181203643,0.0003383821348350858,5.035
0.00010860226835827355,0.00043178854937273134,0.0003348807562889837,5.04
0.0001072731979734419,0.0004274872681080052,0.00033141411387306076,5.045
0.00010595998318790948,0.00042322678640791775,0.00032798186559224364,5.05
0.00010466243704307195,0.00041900671999149457,0.00032458367279622686,5.055
0.000103380374755349,0.000414826688181079,0.00032121920014688163,5.0600000000000005
0.00010211361369129208,0.0004106863138692603,0.0003178881155865556,5.065
0.00010086197334316782,0.00040658522348527987,0.0003145900903061302,5.07
9.962527530459059e-05,0.00040252304696296835,0.0003113247987139238,5.075
9.840334324631589e-05,0.0003984994177076309,0.0003080919184044421,5.08
9.719600289258114e-05,0.00039451397256417723,0.0003048911301276025,5.085
9.600308199762807e-05,0.00039056635178532446,0.00030172211775844577,5.09
9.482441032243995e-05,0.00038665619899966807,0.0002985845682666992,5.095
9.365981961178272e-05,0.0003827831611807644,0.00029547817168707927,5.1000000000000005
9.25091435712941e-05,0.0003789468886156982,0.0002924026210895303,5.105
9.137221784526112e-05,0.00037514703487485777,0.0002893576125499714,5.11
9.024887999426009e-05,0.0003713832567811372,0.00028634284512122846,5.115
8.913896947330289e-05,0.00036765521437987094,0.00028335802080425865,5.12
8.804232760992853e-05,0.0003639625709086823,0.00028040284451965,5.125
8.695879758289525e-05,0.0003603049927684544,0.00027747702407927247,5.13
8.588822440082396e-05,0.00035668214949345997,0.0002745802701586021,5.135
8.483045488126448e-05,0.0003530937137223917,0.0002717122962686981,5.14
8.37853376299846e-05,0.00034953936116982755,0.0002688728187289937,5.1450000000000005
8.275272302031018e-05,0.000346018770597467,0.0002660615566400079,5.15
8.173246317287323e-05,0.0003425316237855948,0.0002632782318565663,5.155
8.072441193569199e-05,0.000339077605505456,0.00026052256896090287,5.16
7.972842486406094e-05,0.0003356564034916854,0.000257794295236626,5.165
7.874435920109383e-05,0.0003322677084139295,0.00025509314064222423,5.17
7.777207385837603e-05,0.0003289112138506463,0.0002524188377854121,5.175
7.681142939672157e-05,0.00032558661626113966,0.0002497711218972187,5.18
7.586228800702184e-05,0.00032229361495953737,0.00024714973080692946,5.1850000000000005
7.492451349181897e-05,0.0003190319120879877,0.00024455440491672734,5.19
7.399797124655163e-05,0.0003158012125903274,0.00024198488717667833,5.195
7.308252824140902e-05,0.0003126012241860369,0.00023944092306025467,5.2
7.217805300289634e-05,0.0003094316573447808,0.00023692226053981987,5.205
7.128441559628342e-05,0.0003062922252605491,0.00023442865006233386,5.21
7.040148760764868e-05,0.00030318264382620506,0.00023195984452546064,5.215
6.95291421263602e-05,0.0003001026316089158,0.00022951559925383765,5.22
6.8667253727952e-05,0.0002970519098249522,0.00022709567197545298,5.2250000000000005
6.781569845682191e-05,0.00029403020231490813,0.0002246998227984762,5.23
6.697435380935879e-05,0.00029103723551980425,0.0002223278141880532,5.235
6.614309871717955e-05,0.00028807273845646937,0.00021997941094353975,5.24
6.532181353064917e-05,0.0002851364426938732,0.0002176543801758641,5.245
6.451038000249021e-05,0.0002822280823293413,0.00021535249128509876,5.25
6.370868127146824e-05,0.000279347393964868,0.00021307351593825548,5.255
6.291660184678407e-05,0.00027649411668407664,0.00021081722804727144,5.26
6.213402759169091e-05,0.0002736679920289061,0.00020858340374725737,5.265
6.136084570852384e-05,0.0002708687639770805,0.00020637182137498442,5.2700000000000005
6.0596944722551464e-05,0.0002680961789191198,0.0002041822614474436,5.275
5.9842214467331204e-05,0.0002653499856361665,0.00020201450664070696,5.28
5.9096546069126906e-05,0.000262629935277474,0.00019986834176906085,5.285
5.83598319322536e-05,0.0002599357813388358,0.00019774355376403626,5.29
5.7631965724234465e-05,0.0002572672796400556,0.00019563993165415598,5.295
5.6912842361125616e-05,0.0002546241883040223,0.00019355726654433932,5.3
5.620235799321816e-05,0.00025200626773499876,0.00019149535159590196,5.305
5.55004099906568e-05,0.00024941328059729364,0.00018945398200644173,5.3100000000000005
5.480689692938626e-05,0.0002468449917944517,0.000187432954990205,5.315
5.412171857726241e-05,0.0002443011684481516,0.0001854320697584126,5.32
5.344477588011099e-05,0.00024178157987799785,0.000183451127499963,5.325
5.277597094822204e-05,0.0002392859975805953,0.00018148993136208875,5.33
5.21152070428502e-05,0.0002368141952095635,0.00017954828643150817,5.335
5.1462388562922644e-05,0.0002343659485554337,0.00017762599971537856,5.34
5.081742103172927e-05,0.00023194103552566397,0.00017572288012289826,5.345
5.0180211084133e-05,0.00022953923612510234,0.0001738387384465314,5.3500000000000005
4.955066645342715e-05,0.00022716033243634184,0.0001719733873439611,5.355
4.892869595885167e-05,0.0002248041086004873,0.00017012664131983655,5.36
4.831420949286426e-05,0.00022247035079771193,0.00016829831670786254,5.365
4.7707118008780844e-05,0.00022015884722873197,0.0001664882316530192,5.37
4.710733350842756e-05,0.00021786938809560756,0.00016469620609394167,5.375
4.6514769029966094e-05,0.00021560176558339401,0.00016292206174551798,5.38
4.5929338635999965e-05,0.00021335577384148284,0.00016116562208162287,5.385
4.535095740158542e-05,0.00021113120896540383,0.00015942671231800528,5.39
4.4779541402429574e-05,0.00020892786897871312,0.00015770515939535185,5.3950000000000005
4.4215007703513306e-05,0.00020674555381495276,0.00015600079196250092,5.4
4.365727434731957e-05,0.00020458406530019353,0.000154313440359907,5.405
4.3106260342740445e-05,0.00020244320713486431,0.0001526429366030873,5.41
4.256188565369512e-05,0.0002003227848768577,0.00015098911436647422,5.415
4.2024071188102115e-05,0.00019822260592376674,0.0001493518089670788,5.42
4.1492738786934076e-05,0.00019614247949623913,0.00014773085734880013,5.425
4.096781121337026e-05,0.00019408221662053202,0.00014612609806632888,5.43
4.044921214203067e-05,0.00019204163011211193,0.0001445373712696023,5.4350000000000005
3.9936866148462156e-05,0.00019002053455860658,0.00014296451868833293,5.44
3.94306986986383e-05,0.00018801874630363586,0.00014140738361657408,5.445
3.893063613862202e-05,0.00018603608343038008,0.00013986581089755272,5.45
3.843660568424971e-05,0.00018407236574520105,0.00013833964690848172,5.455
3.794853541122062e-05,0.0001821274147618283,0.00013682873954583858,5.46
3.7466354244848655e-05,0.00018020105368538034,0.0001353329382104206,5.465
3.698999195036165e-05,0.0001782931073966568,0.00013385209379278943,5.47
3.651937912307789e-05,0.00017640340243634732,0.00013238605865875707,5.4750000000000005
3.605444717866662e-05,0.00017453176698993628,0.00013093468663496425,5.48
3.5595128343765195e-05,0.00017267803087203535,0.00012949783299484377,5.485
3.51413556464167e-05,0.00017084202551141117,0.00012807535444440247,5.49
3.469306290677027e-05,0.000169023583935926,0.00012666710910826055,5.495
3.425018472786991e-05,0.00016722254075774765,0.00012527295651596548,5.5
3.381265648654439e-05,0.00016543873215824962,0.00012389275758822386,5.505
3.338041432437197e-05,0.00016367199587391483,0.00012252637462344717,5.51
3.295339513878314e-05,0.0001619221711813904,0.0001211736712842534,5.515
3.2531536574273495e-05,0.00016018909888358424,0.00011983451258425623,5.5200000000000005
3.211477701368067e-05,0.00015847262129507235,0.00011850876487494138,5.525
3.170305556957579e-05,0.00015677258222823018,0.00011719629583255864,5.53
3.129631207575619e-05,0.00015508882697921525,0.00011589697444534205,5.535
3.0894487078858874e-05,0.00015342120231440776,0.00011461067100059133,5.54
3.0497521830048017e-05,0.00015176955645636542,0.0001133372570722749,5.545
3.0105358276787233e-05,0.00015013373907038225,0.00011207660550821665,5.55
2.971793905469495e-05,0.00014851360125120168,0.0001108285904179742,5.555
2.9335207479582403e-05,0.00014690899550971206,0.00010959308716029713,5.5600000000000005
2.8957107539471493e-05,0.00014531977575960107,0.00010836997233123611,5.565
2.8583583886721556e-05,0.00014374579730441913,0.00010715912375188485,5.57
2.8214581830365487e-05,0.00014218691682460702,0.00010596042045660171,5.575
2.785004732837719e-05,0.00014064299236480872,0.00010477374268112674,5.58
2.7489926980131947e-05,0.0001391138833210738,0.00010359897185094752,5.585
2.713416801888467e-05,0.00013759945042812803,0.00010243599056968458,5.59
2.6782718304384657e-05,0.0001360995557473359,0.00010128468260762086,5.595
2.643552631555005e-05,0.00013461406265406815,0.00010014493289041552,5.6000000000000005
2.609254114334082e-05,0.00013314283582545656,9.901662748781231e-05,5.605
2.575371248340485e-05,0.00013168574122846065,9.789965360248493e-05,5.61
2.5418990629153686e-05,0.00013024264610789178,9.679389955912137e-05,5.615
2.5088326464804332e-05,0.00012881341897434057,9.569925479332056e-05,5.62
2.4761671458389187e-05,0.00012739792959242432,9.461560984103276e-05,5.625
2.443897765496705e-05,0.0001259960489694584,9.354285632768214e-05,5.63
2.4120197669869544e-05,0.0001246076493435831,9.248088695762095e-05,5.635
2.3805284682119617e-05,0.0001232326041724318,9.142959550362626e-05,5.64
2.349419242764619e-05,0.00012187078812172536,9.038887679650702e-05,5.6450000000000005
2.318687519299152e-05,0.00012052207705421888,8.935862671483921e-05,5.65
2.2883287808741162e-05,0.00011918634801841311,8.833874217482708e-05,5.655
2.258338564321282e-05,0.00011786347923778066,8.732912112006458e-05,5.66
2.228712459611352e-05,0.00011655335009946693,8.632966251169694e-05,5.665
2.1994461092392566e-05,0.00011525584114388825,8.534026631845703e-05,5.67
2.1705352076078845e-05,0.00011397083405382504,8.436083350693783e-05,5.675
2.1419755004156006e-05,0.00011269821164378854,8.339126603170293e-05,5.68
2.1137627840609757e-05,0.00011143785784966828,8.243146682599436e-05,5.6850000000000005
2.0858929050505295e-05,0.00011018965771819653,8.14813397919516e-05,5.69
2.0583617594101463e-05,0.00010895349739671664,8.05407897913395e-05,5.695
2.0311652921007526e-05,0.0001077292641229219,7.96097226361587e-05,5.7
2.0042994964553705e-05,0.00010651684621480475,7.868804507949655e-05,5.705
1.9777604136081528e-05,0.00010531613306066686,7.77756648062508e-05,5.71
1.9515441319298985e-05,0.00010412701510902472,7.687249042426965e-05,5.715
1.9256467864817984e-05,0.00010294938385899169,7.597843145515643e-05,5.72
1.9000645584668238e-05,0.00010178313185042218,7.509339832566043e-05,5.7250000000000005
1.8747936746889027e-05,0.00010062815265430807,7.421730235862633e-05,5.73
1.8498304070197567e-05,9.948434086323102e-05,7.335005576452776e-05,5.735
1.825171071866865e-05,9.835159208192302e-05,7.249157163264958e-05,5.74
1.800812029657917e-05,9.722980291783382e-05,7.164176392277541e-05,5.745
1.7767496843237343e-05,9.611887097192043e-05,7.080054745655875e-05,5.75
1.7529804827827465e-05,9.501869482938263e-05,6.99678379092633e-05,5.755
1.7295009144465302e-05,9.392917405059558e-05,6.914355180136254e-05,5.76
1.706307510713213e-05,9.285020916214242e-05,6.832760649054677e-05,5.765
1.6833968444831852e-05,9.178170164781347e-05,6.751992016343738e-05,5.7700000000000005
1.6607655296697166e-05,9.072355393970147e-05,6.672041182763943e-05,5.775
1.6384102207102324e-05,8.96756694096199e-05,6.592900130369347e-05,5.78
1.6163276121112734e-05,8.863795236024507e-05,6.514560921730696e-05,5.785
1.5945144379597037e-05,8.761030801662417e-05,6.437015699146641e-05,5.79
1.5729674714622668e-05,8.659264251752386e-05,6.360256683882229e-05,5.795
1.551683524500384e-05,8.55848629072319e-05,6.284276175389075e-05,5.8
1.5306594471592018e-05,8.45868771269271e-05,6.209066550559534e-05,5.805
1.5098921272903746e-05,8.35985940066196e-05,6.134620262977787e-05,5.8100000000000005
1.4893784900680693e-05,8.261992325679628e-05,6.060929842172715e-05,5.815
1.4691154975487923e-05,8.165077546050395e-05,5.987987892882859e-05,5.82
1.4491001482410327e-05,8.069106206501729e-05,5.9157870943310625e-05,5.825
1.4293294766772919e-05,7.97406953741735e-05,5.844320199504166e-05,5.83
1.4098005529923422e-05,7.879958854031515e-05,5.773580034441339e-05,5.835
1.3905104825070178e-05,7.786765555646471e-05,5.703559497523236e-05,5.84
1.3714564053109888e-05,7.694481124872143e-05,5.634251558780511e-05,5.845
1.3526354958592955e-05,7.603097126847585e-05,5.565649259193877e-05,5.8500000000000005
1.334044962570839e-05,7.512605208479299e-05,5.497745710014441e-05,5.855
1.3156820474281505e-05,7.422997097703338e-05,5.4305340920831377e-05,5.86
1.2975440255829241e-05,7.334264602732231e-05,5.3640076551623975e-05,5.865
1.2796282049662842e-05,7.246399611318783e-05,5.298159717263481e-05,5.87
1.2619319259095888e-05,7.159394090024794e-05,5.232983663997783e-05,5.875
1.2444525607615755e-05,7.073240083491868e-05,5.1684729479165416e-05,5.88
1.227187513509267e-05,6.987929713747761e-05,5.1046210878761677e-05,5.885
1.2101342194182344e-05,6.903455179464649e-05,5.0414216683864166e-05,5.89
1.1932901446513738e-05,6.819808755285425e-05,4.9788683389914954e-05,5.8950000000000005
1.1766527859191987e-05,6.736982791108277e-05,4.916954813628636e-05,5.9
1.160219670116995e-05,6.6549697114061e-05,4.8556748700270794e-05,5.905
1.1439883539647403e-05,6.573762014544053e-05,4.795022349074923e-05,5.91
1.1279564236739025e-05,6.49335227209894e-05,4.734991154233647e-05,5.915
1.1121214945858253e-05,6.41373312819866e-05,4.675575250911921e-05,5.92
1.0964812108378401e-05,6.334897298849467e-05,4.616768665890005e-05,5.925
1.0810332450225211e-05,6.256837571280279e-05,4.558565486724135e-05,5.93
1.0657752978666379e-05,6.179546803301652e-05,4.500959861160084e-05,5.9350000000000005
1.0507050978744578e-05,6.103017922658091e-05,4.443945996556743e-05,5.94
1.0358204010376412e-05,6.027243926382882e-05,4.387518159320181e-05,5.945
1.0211189904847872e-05,5.9522178801707114e-05,4.331670674328861e-05,5.95
1.0065986761777932e-05,5.877932917765787e-05,4.276397924384246e-05,5.955
9.922572945934534e-06,5.804382240317207e-05,4.2216943496400464e-05,5.96
9.780927084149173e-06,5.731559115789293e-05,4.167554447074615e-05,5.965
9.641028062236967e-06,5.659456878337938e-05,4.113972769924441e-05,5.97
9.502855022004424e-06,5.588068927723692e-05,4.060943927166983e-05,5.9750000000000005
9.366387358142796e-06,5.5173887286962316e-05,4.008462582973712e-05,5.98
9.231604715417335e-06,5.447409810432937e-05,3.956523456191081e-05,5.985
9.098486985618541e-06,5.37812576592837e-05,3.9051213198100697e-05,5.99
8.967014304820123e-06,5.3095302514260264e-05,3.854251000460824e-05,5.995
8.837167050324716e-06,5.241616985848971e-05,3.803907377893491e-05,6.0
8.708925838008537e-06,5.174379750235673e-05,3.754085384475233e-05,6.005
8.582271519463412e-06,5.107812387164064e-05,3.704780004687466e-05,6.01
8.457185179256946e-06,5.0419088002074384e-05,3.655986274631798e-05,6.015000000000001
8.3336481322114e-06,4.976662953389097e-05,3.607699281537996e-05,6.0200000000000005
8.211641920711581e-06,4.9120688706211754e-05,3.559914163278586e-05,6.025
8.091148312021223e-06,4.848120635178089e-05,3.512626107886458e-05,6.03
7.972149295717473e-06,4.78481238915618e-05,3.465830353085731e-05,6.035
7.8546270810937e-06,4.722138332944971e-05,3.419522185806331e-05,6.04
7.738564094498259e-06,4.6600927247052904e-05,3.3736969417347635e-05,6.045
7.623942976914601e-06,4.598669879849146e-05,3.32835000484048e-05,6.05
7.510746581388015e-06,4.537864170531523e-05,3.2834768069245525e-05,6.055
7.398957970627274e-06,4.477670025131433e-05,3.2390728271615756e-05,6.0600000000000005
7.288560414477922e-06,4.418081927754578e-05,3.19513359166497e-05,6.065
7.179537387561334e-06,4.3590944177369116e-05,3.151654673028532e-05,6.07
7.071872566880162e-06,4.300702089148158e-05,3.108631689902597e-05,6.075
6.9655498294424196e-06,4.2428995903074764e-05,3.0660603065420594e-05,6.08
6.860553249984315e-06,4.1856816232838894e-05,3.0239362323993968e-05,6.085
6.756867098597932e-06,4.129042943441174e-05,2.9822552216801817e-05,6.09
6.654475838562542e-06,4.072978358951645e-05,2.9410130729357178e-05,6.095
6.553364123925486e-06,4.017482730319902e-05,2.900205628638878e-05,6.1000000000000005
6.453516797513915e-06,3.962550969933994e-05,2.859828774775947e-05,6.105
6.354918888561847e-06,3.908178041589337e-05,2.819878440436496e-05,6.11
6.2575556106477385e-06,3.854358960045293e-05,2.7803505974167012e-05,6.115
6.161412359464129e-06,3.801088790567177e-05,2.741241259807511e-05,6.12
6.0664747108143665e-06,3.7483626484832287e-05,2.7025464836149196e-05,6.125
5.972728418452183e-06,3.696175698742335e-05,2.664262366354784e-05,6.13
5.880159412037207e-06,3.644523155478784e-05,2.6263850466769033e-05,6.135
5.788753795100298e-06,3.59340028156777e-05,2.5889107039752427e-05,6.140000000000001
5.69849784304295e-06,3.5428023882130066e-05,2.5518355580122247e-05,6.1450000000000005
5.609378001119319e-06,3.4927248345158314e-05,2.5151558685453003e-05,6.15
5.521380882519614e-06,3.443163027050881e-05,2.4788679349499544e-05,6.155
5.4344932663928625e-06,3.394112419454587e-05,2.4429680958596134e-05,6.16
5.348702095948715e-06,3.345568512019499e-05,2.4074527287974145e-05,6.165
5.263994476533413e-06,3.297526851269581e-05,2.3723182498216768e-05,6.17
5.180357673806077e-06,3.249983029579248e-05,2.33756111316425e-05,6.175
5.09777911188758e-06,3.202932684753137e-05,2.3031778108850552e-05,6.18
5.016246371501156e-06,3.156371499652431e-05,2.2691648725206e-05,6.1850000000000005
4.935747188185529e-06,3.11029520178221e-05,2.235518864736449e-05,6.19
4.8562694505225375e-06,3.0646995629220234e-05,2.2022363909945333e-05,6.195
4.777801198388532e-06,3.0195803987344597e-05,2.1693140912080416e-05,6.2
4.700330621199373e-06,2.9749335683886374e-05,2.136748641413274e-05,6.205
4.6238460562016284e-06,2.9307549741830823e-05,2.104536753437809e-05,6.21
4.548335986797397e-06,2.887040561175749e-05,2.0726751745714853e-05,6.215
4.4737890408070135e-06,2.8437863168223145e-05,2.0411606872473703e-05,6.22
4.400193988918814e-06,2.800988270601564e-05,2.00999010872053e-05,6.2250000000000005
4.3275397429598595e-06,2.7586424936639736e-05,1.9791602907529068e-05,6.23
4.2558153543710246e-06,2.7167450984738966e-05,1.9486681192984784e-05,6.235
4.185010012511679e-06,2.6752922384567408e-05,1.9185105141942628e-05,6.24
4.115113043175078e-06,2.634280107651719e-05,1.8886844288592837e-05,6.245
4.046113907021395e-06,2.59370494036173e-05,1.8591868499839865e-05,6.25
3.9780021980254885e-06,2.553563010821381e-05,1.8300147972356208e-05,6.255
3.910767641935683e-06,2.5138506328514898e-05,1.8011653229617276e-05,6.26
3.844400094845747e-06,2.4745641595274977e-05,1.7726355118976688e-05,6.265000000000001
3.7788895416526364e-06,2.4356999828524594e-05,1.7444224808735756e-05,6.2700000000000005
3.714226094659296e-06,2.397254533423361e-05,1.7165233785334132e-05,6.275
3.650399992076266e-06,2.359224280111184e-05,1.6889353850447645e-05,6.28
3.5874015966461278e-06,2.3216057297413907e-05,1.661655711826179e-05,6.285
3.525221394193281e-06,2.284395426777586e-05,1.634681601261938e-05,6.29
3.4638499923017956e-06,2.247589953005033e-05,1.6080103264354687e-05,6.295
3.403278118870386e-06,2.211185927224597e-05,1.5816391908514433e-05,6.3
3.343496620844129e-06,2.175180004945376e-05,1.5555655281739697e-05,6.305
3.2844964627698354e-06,2.1395688780779656e-05,1.5297867019543874e-05,6.3100000000000005
3.2262687256088776e-06,2.1043492746377536e-05,1.5043001053762993e-05,6.315
3.168804605343188e-06,2.0695179584496604e-05,1.4791031609920147e-05,6.32
3.1120954117148795e-06,2.0350717288482445e-05,1.4541933204677278e-05,6.325
3.05613256695563e-06,2.0010074203967342e-05,1.4295680643277398e-05,6.33
3.0009076045724625e-06,1.9673219025897492e-05,1.4052249017087585e-05,6.335
2.946412168053895e-06,1.9340120795776256e-05,1.3811613701043467e-05,6.34
2.8926380096743367e-06,1.9010748898823065e-05,1.3573750351301343e-05,6.345
2.839576989312698e-06,1.8685073061165226e-05,1.3338634902715319e-05,6.3500000000000005
2.7872210732382804e-06,1.8363063347188288e-05,1.3106243566513874e-05,6.355
2.7355623329174462e-06,1.8044690156690822e-05,1.287655282789224e-05,6.36
2.684592943910494e-06,1.7729924222309672e-05,1.2649539443692905e-05,6.365
2.6343051846785302e-06,1.741873660680356e-05,1.2425180440085893e-05,6.37
2.584691435516411e-06,1.7111098700423247e-05,1.2203453110290116e-05,6.375
2.535744177322256e-06,1.6806982218381002e-05,1.1984335012291435e-05,6.38
2.4874559906293566e-06,1.6506359198191367e-05,1.1767803966634117e-05,6.385
2.439819554458122e-06,1.6209201997208433e-05,1.1553838054207654e-05,6.390000000000001
2.3928276452329243e-06,1.5915483290099224e-05,1.1342415614054063e-05,6.3950000000000005
2.346473135764022e-06,1.5625176066344965e-05,1.1133515241208192e-05,6.4
2.300748994182617e-06,1.5338253627780234e-05,1.0927115784595044e-05,6.405
2.255648282905053e-06,1.5054689586224047e-05,1.0723196344895714e-05,6.41
2.2111641576418972e-06,1.4774457861041591e-05,1.0521736272474639e-05,6.415
2.1672898663790344e-06,1.4497532676754157e-05,1.0322715165327231e-05,6.42
2.124018748395023e-06,1.4223888560788663e-05,1.012611286706146e-05,6.425
2.081344233264857e-06,1.3953500341071063e-05,9.931909464851699e-06,6.43
2.03925983995494e-06,1.3686343143804121e-05,9.740085287486795e-06,6.4350000000000005
1.9977591757981384e-06,1.3422392391168162e-05,9.550620903423403e-06,6.44
1.956835935632333e-06,1.3161623799116042e-05,9.363497118814636e-06,6.445
1.9164839008066445e-06,1.2904013375175542e-05,9.178694975619629e-06,6.45
1.876696938331995e-06,1.2649537416228286e-05,8.996195749712267e-06,6.455
1.8374689999417622e-06,1.2398172506425137e-05,8.815980949014733e-06,6.46
1.7987941212182901e-06,1.2149895514980138e-05,8.638032311676395e-06,6.465
1.7606664207321313e-06,1.1904683594126932e-05,8.462331804208244e-06,6.47
1.723080099155123e-06,1.1662514177048897e-05,8.28886161973011e-06,6.4750000000000005
1.686029438433697e-06,1.1423364975800588e-05,8.11760417618281e-06,6.48
1.6495088009340133e-06,1.1187213979310338e-05,7.948542114578137e-06,6.485
1.6135126286260373e-06,1.0954039451323097e-05,7.781658297258256e-06,6.49
1.5780354422716208e-06,1.0723819928559278e-05,7.616935806208506e-06,6.495
1.5430718405938275e-06,1.049653421858801e-05,7.454357941355508e-06,6.5
1.5086164995267576e-06,1.0272161398066962e-05,7.293908218916716e-06,6.505
1.4746641714120703e-06,1.0050680810729216e-05,7.135570369740786e-06,6.51
1.4412096842270995e-06,9.832072065591118e-06,6.979328337723778e-06,6.515000000000001
1.4082479408211614e-06,9.616315034998162e-06,6.825166278156216e-06,6.5200000000000005
1.3757739181912211e-06,9.403389852925817e-06,6.673068556198262e-06,6.525
1.3437826667221102e-06,9.193276913076084e-06,6.523019745273617e-06,6.53
1.3122693094795355e-06,8.985956867134013e-06,6.375004625585413e-06,6.535
1.2812290414841625e-06,8.78141062302196e-06,6.229008182554463e-06,6.54
1.250657128995505e-06,8.579619343158497e-06,6.085015605349726e-06,6.545
1.220548908838811e-06,8.380564442740476e-06,5.943012285399484e-06,6.55
1.1908997877165838e-06,8.18422758806124e-06,5.802983814944756e-06,6.555
1.1617052415135174e-06,7.990590694837614e-06,5.6649159856177255e-06,6.5600000000000005
1.1329608146778853e-06,7.799635926592427e-06,5.528794786985904e-06,6.565
1.104662119504678e-06,7.61134569301328e-06,5.394606405208815e-06,6.57
1.076804835558325e-06,7.4257026483651984e-06,5.262337221609525e-06,6.575
1.049384708978215e-06,7.2426896899264214e-06,5.131973811375991e-06,6.58
1.0223975519103002e-06,7.062289956409321e-06,5.0035029421652726e-06,6.585
9.958392418436518e-07,6.8844868264535186e-06,4.876911572842448e-06,6.59
9.697057210425004e-07,6.709263917135356e-06,4.752186852137581e-06,6.595
9.439929959299202e-07,6.536605082405387e-06,4.629316117396579e-06,6.6000000000000005
9.186971365157648e-07,6.366494411727055e-06,4.5082868932966024e-06,6.605
8.938142757997116e-07,6.198916228556053e-06,4.389086890623783e-06,6.61
8.693406092285648e-07,6.033855088950685e-06,4.271704005040953e-06,6.615
8.452723941233798e-07,5.871295780159406e-06,4.15612631588468e-06,6.62
8.216059491326627e-07,5.7112233192682325e-06,4.042342084989459e-06,6.625
7.983376536993382e-07,5.553622951790871e-06,3.9303397554964975e-06,6.63
7.75463947525894e-07,5.3984801503822264e-06,3.820107950724831e-06,6.635
7.529813300326722e-07,5.245780613494633e-06,3.711635473035679e-06,6.640000000000001
7.308863598840757e-07,5.095510264080512e-06,3.6049113027119533e-06,6.6450000000000005
7.091756544599097e-07,4.94765524833452e-06,3.499924596867394e-06,6.65
6.878458893543595e-07,4.802201934414041e-06,3.3966646883725457e-06,6.655
6.668937979040172e-07,4.659136911221272e-06,3.295121084781084e-06,6.66
6.463161707003737e-07,4.518446987188714e-06,3.195283467306723e-06,6.665
6.261098551201946e-07,4.380119189053466e-06,3.0971416897795036e-06,6.67
6.06271754867706e-07,4.244140760742988e-06,3.000685777653002e-06,6.675
5.867988295236384e-07,4.110499162156663e-06,2.9059059269953117e-06,6.68
5.676880940865907e-07,3.979182068069591e-06,2.8127925035362794e-06,6.6850000000000005
5.489366185570934e-07,3.850177366993454e-06,2.721336041694494e-06,6.69
5.305415274829702e-07,3.723473160107554e-06,2.6315272436402506e-06,6.695
5.124999995611219e-07,3.599057760146323e-06,2.543356978393808e-06,6.7
4.948092672179824e-07,3.476919690377891e-06,2.456816280885163e-06,6.705
4.774666162004901e-07,3.357047683534328e-06,2.371896351090991e-06,6.71
4.604693851830617e-07,3.239430680821805e-06,2.2885885531473734e-06,6.715
4.4381496537478573e-07,3.124057830887558e-06,2.206884414500351e-06,6.72
4.2750080015069523e-07,3.0109184888744976e-06,2.12677562507165e-06,6.7250000000000005
4.1152438465939396e-07,2.9000022154326867e-06,2.0482540364217564e-06,6.73
3.958832654757661e-07,2.7912987757884083e-06,1.9713116609599226e-06,6.735
3.8057504022958907e-07,2.684798138813962e-06,1.8959406711301474e-06,6.74
3.6559735726754355e-07,2.580490476125226e-06,1.8221333986666773e-06,6.745
3.509479152993479e-07,2.4783661611964094e-06,1.7498823338099555e-06,6.75
3.3662446306669304e-07,2.378415768491716e-06,1.679180124579894e-06,6.755
3.2262479902017585e-07,2.2806300726063494e-06,1.6100195760367465e-06,6.76
3.0894677099248773e-07,2.1850000474405796e-06,1.5423936495843125e-06,6.765000000000001
2.955882758910323e-07,2.091516865390008e-06,1.4762954622632945e-06,6.7700000000000005
2.8254725938598593e-07,2.000171896552761e-06,1.4117182860798217e-06,6.775
2.698217156178821e-07,1.9109567079383136e-06,1.3486555473407354e-06,6.78
2.5740968690391e-07,1.8238630627199721e-06,1.287100826003732e-06,6.785
2.453092634594844e-07,1.7388829194958024e-06,1.2270478550477906e-06,6.79
2.335185831091206e-07,1.6560084315549356e-06,1.1684905198508075e-06,6.795
2.220358310328773e-07,1.5752319461779045e-06,1.1114228576034198e-06,6.8
2.1085923949065446e-07,1.4965460039588859e-06,1.0558390566999248e-06,6.805
1.999870875774384e-07,1.4199433381180197e-06,1.0017334561927401e-06,6.8100000000000005
1.8941770097117924e-07,1.3454168738711907e-06,9.491005452211938e-07,6.815
1.79149451684479e-07,1.2729597277754718e-06,8.979349624752268e-07,6.82
1.691807578432908e-07,1.2025652071298155e-06,8.482314956742753e-07,6.825
1.595100834512494e-07,1.134226809365975e-06,7.999850810608504e-07,6.83
1.5013593817311006e-07,1.0679382214728394e-06,7.53190802892015e-07,6.835
1.4105687711746973e-07,1.0036933194305623e-06,7.078438929763966e-07,6.84
1.3227150063649163e-07,9.414861676638605e-07,6.639397302050629e-07,6.845
1.2377845411689718e-07,8.813110185215656e-07,6.21473840096828e-07,6.8500000000000005
1.1557642779708833e-07,8.231623117514838e-07,5.804418943702686e-07,6.855
1.0766415657590194e-07,7.670346740150422e-07,5.408397105267379e-07,6.86
1.0004041983278404e-07,7.12922918415347e-07,5.026632514398244e-07,6.865
9.270404125579374e-08,6.60822044029702e-07,4.6590862497026164e-07,6.87
8.565388867770305e-08,6.107272354709925e-07,4.305720835916936e-07,6.875
7.888887391472408e-08,5.626338624623772e-07,3.966500240293614e-07,6.88
7.240795261410755e-08,5.165374794348513e-07,3.641389869192892e-07,6.885
6.621012410873081e-08,4.7243382512869465e-07,3.3303565647435024e-07,6.890000000000001
6.029443127796057e-08,4.303188222277707e-07,3.033368601712514e-07,6.8950000000000005
5.465996041443741e-08,3.901885770002251e-07,2.7503956845157013e-07,6.9
4.930584109835796e-08,3.520393789624443e-07,2.4814089443576834e-07,6.905
4.423124607903896e-08,3.158677005526693e-07,2.2263809365171285e-07,6.91
3.943539116029489e-08,2.816701968326208e-07,1.9852856378031303e-07,6.915
3.491753509417511e-08,2.4944370519416963e-07,1.7580984441561662e-07,6.92
3.0676979483019705e-08,2.1918524509495388e-07,1.544796168363484e-07,6.925
2.6713068684580357e-08,1.908920178027006e-07,1.345357037989625e-07,6.93
2.302518972577203e-08,1.6456140615952847e-07,1.1597606933624671e-07,6.9350000000000005
1.961277222239812e-08,1.4019097436295235e-07,9.879881857970378e-08,6.94
1.6475288306488227e-08,1.1777846776741624e-07,8.300219759262136e-08,6.945
1.3612252556545364e-08,9.732181269537109e-08,6.858459321823148e-08,6.95
1.1023221939582425e-08,7.881911627573065e-08,5.5544532943723964e-08,6.955
8.707795755447978e-09,6.226866629044003e-08,4.3880684779323416e-08,6.96
6.66561558946473e-09,4.766893104532257e-08,3.359185715232256e-08,6.965
4.8963652712467026e-09,3.5018559254377314e-08,2.4676998817363378e-08,6.97
3.399770840036352e-09,2.4316379943178733e-08,1.7135198781413624e-08,6.9750000000000005
2.175600515931364e-09,1.556140237132835e-08,1.0965686244860813e-08,6.98
1.2236646787461425e-09,8.752815971567374e-09,6.167830559876663e-09,6.985
5.438158521614216e-10,3.889990308536024e-09,2.741141204498177e-09,6.99
1.3594869527636338e-10,9.724750567349637e-10,6.852677753057556e-10,6.995